1.033,30,30,41
B0,mixamorig_Hips,-1,-0.000948557979427278,-0.017818134278059006,0.9998331665992737,0,-0.029062967747449875,0.9994164109230042,0.017775969579815865,0,-0.9995681047439575,-0.029047176241874695,-0.001463447231799364,0,2.9019992351531982,51.10677719116211,-0.8469684720039368,1
B1,mixamorig_Spine,0,0.9902197122573853,-0.13911113142967224,0.010324542410671711,0,0.13863292336463928,0.9896085262298584,0.03808101266622543,0,-0.015511908568441868,-0.03627572953701019,0.9992161989212036,0,0,10.525012969970703,-0.7856240272521973,1
B2,mixamorig_Spine1,1,0.9997259974479675,-0.023195281624794006,0.0030082936864346266,0,0.023021085187792778,0.9985476732254028,0.04871625453233719,0,-0.004133622627705336,-0.0486338771879673,0.9988076686859131,0,0,12.313343048095703,0,1
B3,mixamorig_Spine2,2,0.9997268915176392,-0.02322084829211235,0.002393711358308792,0,0.023077592253684998,0.99854975938797,0.048634327948093414,0,-0.003518978599458933,-0.048565953969955444,0.9988135099411011,0,0,14.072396278381348,0,1
B4,mixamorig_Neck,3,0.9912430047988892,0.05852529779076576,-0.11836771667003632,0,-0.0730259045958519,0.9898228049278259,-0.12212170660495758,0,0.1100139394402504,0.12969668209552765,0.9854302406311035,0,0,15.83143424987793,0,1
B5,mixamorig_Head,4,0.2462196946144104,-0.12969651818275452,-0.9604765772819519,0,0.06469229608774185,0.990987241268158,-0.11725051701068878,0,0.9670324921607971,-0.03325517103075981,0.25238513946533203,0,0,14.680304527282715,3.0676159858703613,1
B6,mixamorig_HeadTop_End,5,1,0,0,0,0,1,0,0,0,0,1,0,0,52.596832275390625,10.990701675415039,1
B7,mixamorig_LeftShoulder,3,0.054972708225250244,0.078191839158535,-0.9954104423522949,0,0.9961184859275818,-0.0727728083729744,0.04930857568979263,0,-0.06859280914068222,-0.9942635297775269,-0.08190031349658966,0,8.183961868286133,13.256951332092285,-0.14518800377845764,1
B8,mixamorig_LeftArm,7,0.7322065234184265,0.04113893583416939,0.6798363327980042,0,0.1294223666191101,0.9715813994407654,-0.1981840282678604,0,-0.6686698198318481,0.23310017585754395,0.706075131893158,0,0,16.932416915893555,0,1
B9,mixamorig_LeftForeArm,8,0.8793954849243164,0.47192737460136414,0.05685333162546158,0,-0.474431574344635,0.8788853883743286,0.043252069503068924,0,-0.029664283618330956,-0.06480055302381516,0.9973993301391602,0,0,22.398244857788086,0,1
B10,mixamorig_LeftHand,9,0.8781085014343262,-0.053421057760715485,0.47536715865135193,0,0.10168042778968811,0.9918086528778076,-0.0763481855392456,0,-0.4673759937286377,0.11539705097675323,0.8764638900756836,0,0,33.47169494628906,0,1
B11,mixamorig_LeftHandThumb1,10,0.48658400774002075,0.6474490761756897,-0.5865539908409119,0,-0.25077104568481445,0.7466519474983215,0.6161370277404785,0,0.8368699550628662,-0.15271194279193878,0.5256699919700623,0,-4.7578630447387695,4.466963768005371,-0.000003999999989900971,1
B12,mixamorig_LeftHandThumb2,11,0.9503980278968811,-0.31015005707740784,0.023473061621189117,0,0.3097749948501587,0.9506339430809021,0.018314000219106674,0,-0.02799406088888645,-0.010134938172996044,0.9995570182800293,0,-1.0412830114364624,5.116055011749268,0,1
B13,mixamorig_LeftHandThumb3,12,0.8066409826278687,-0.587723970413208,0.06252700090408325,0,0.5910099744796753,0.8031589984893799,-0.07512199878692627,0,-0.006068000104278326,0.09755094349384308,0.9952120184898376,0,0.18398000299930573,6.19973611831665,0,1
B14,mixamorig_LeftHandThumb4,13,1,0,0,0,0,1,0,0,0,0,1,0,0.8573030233383179,4.033854007720947,0,1
B15,mixamorig_LeftHandIndex1,10,0.9907690286636353,0.135452002286911,0.005350999999791384,0,-0.06633699685335159,0.45004498958587646,0.8905389904975891,0,0.11821699887514114,-0.8826730847358704,0.45487600564956665,0,0,7.075955867767334,0.23825600743293762,1
B16,mixamorig_LeftHandIndex2,15,0.9982650279998779,0.05000000074505806,0.031108999624848366,0,-0.03135393559932709,0.004116999916732311,0.9994999766349792,0,0.04984699934720993,-0.9987409710884094,0.005677938461303711,0,0.1452530026435852,8.270981788635254,0,1
B17,mixamorig_LeftHandIndex3,16,0.9994879961013794,0.026494938880205154,0.017921999096870422,0,-0.03164299950003624,0.7370269894599915,0.6751220226287842,0,0.00467800023034215,-0.6753439903259277,0.7374879717826843,0,-0.18368400633335114,6.899418830871582,0,1
B18,mixamorig_LeftHandIndex4,17,1,0,0,0,0,1,0,0,0,0,1,0,0.03843099996447563,4.820864200592041,0,1
B19,mixamorig_RightShoulder,3,0.05186355859041214,0.04726269096136093,0.9975275993347168,0,-0.9985471367835999,-0.011603913269937038,0.05246589705348015,0,0.01405378058552742,-0.9988137483596802,0.046586666256189346,0,-8.183961868286133,13.263925552368164,-0.23862800002098083,1
B20,mixamorig_RightArm,19,0.26534023880958557,-0.9223808646202087,-0.28033527731895447,0,0.94970703125,0.300014466047287,-0.0882067084312439,0,0.16551969945430756,-0.24298273026943207,0.9557799696922302,0,0,16.932416915893555,0,1
B21,mixamorig_RightForeArm,20,-0.4104851186275482,-0.8924090266227722,-0.18371069431304932,0,0.8917756676673889,-0.4348084330558777,0.11962192505598068,0,-0.18674872815608978,-0.11478942632675171,0.9756682515144348,0,0,22.42294692993164,0,1
B22,mixamorig_RightHand,21,0.6648839712142944,0.0011087078601121902,-0.7467702031135559,0,-0.2277662456035614,0.9524785280227661,-0.2011719048023224,0,0.7110123634338379,0.3040159344673157,0.6337857842445374,0,0,33.44632339477539,0,1
B23,mixamorig_RightHandThumb1,22,0.8988890051841736,-0.41795000433921814,0.13159306347370148,0,0.3536089360713959,0.869271993637085,0.34543800354003906,0,-0.2587660551071167,-0.2639780044555664,0.9291689991950989,0,4.979205131530762,3.843290090560913,0,1
B24,mixamorig_RightHandThumb2,23,0.7941200733184814,0.6071179509162903,-0.027945062145590782,0,-0.6067479252815247,0.7946119904518127,0.021207060664892197,0,0.03508106246590614,0.0001140616659540683,0.9993839859962463,0,0.7765089869499207,4.971682071685791,0,1
B25,mixamorig_RightHandThumb3,24,0.920526921749115,-0.3898729979991913,-0.025103000923991203,0,0.38948699831962585,0.9208369851112366,-0.018957000225782394,0,0.03050599992275238,0.007672999985516071,0.9995049834251404,0,0.04032500088214874,6.484291076660156,0,1
B26,mixamorig_RightHandThumb4,25,1,0,0,0,0,1,0,0,0,0,1,0,-0.8168330192565918,4.664699077606201,0,1
B27,mixamorig_RightHandIndex1,22,0.978738009929657,0.16698099672794342,0.11911500245332718,0,-0.19377394020557404,0.9431509971618652,0.27003204822540283,0,-0.06725399941205978,-0.28737205266952515,0.9554550051689148,0,0,7.823678016662598,0.08308099955320358,1
B28,mixamorig_RightHandIndex2,27,0.9990800023078918,-0.03745400160551071,-0.020896000787615776,0,0.01295199990272522,-0.20099100470542908,0.9795079231262207,0,-0.04088599979877472,-0.9788770079612732,-0.2003210037946701,0,-0.05889600142836571,8.570366859436035,0,1
B29,mixamorig_RightHandIndex3,28,0.9997590184211731,-0.002134061651304364,-0.021865999326109886,0,0.020252062007784843,0.4753200113773346,0.879580020904541,0,0.008515999652445316,-0.8798100352287292,0.47524893283843994,0,0.09868700057268143,5.791942119598389,0,1
B30,mixamorig_RightHandIndex4,29,1,0,0,0,0,1,0,0,0,0,1,0,-0.03979099914431572,4.182465076446533,0,1
B31,mixamorig_LeftUpLeg,0,-0.621366560459137,-0.4412801265716553,0.6474210619926453,0,0.59296053647995,-0.8049541115760803,0.020478293299674988,0,0.5121074318885803,0.3966139256954193,0.7618385553359985,0,13.961853981018066,-5.866764068603516,0.1643040031194687,1
B32,mixamorig_LeftLeg,31,0.9728124141693115,-0.12455032020807266,-0.1952465921640396,0,-0.04435408115386963,0.7272619009017944,-0.6849117279052734,0,0.22730626165866852,0.6749498844146729,0.7019656300544739,0,0,24.3056697845459,0,1
B33,mixamorig_LeftFoot,32,0.9214912056922913,-0.34065449237823486,-0.1865706592798233,0,0.27836355566978455,0.2442493438720703,0.9289004802703857,0,-0.2708648145198822,-0.9079076051712036,0.3198997378349304,0,0,17.98106575012207,0,1
B34,mixamorig_LeftToeBase,33,0.9189789891242981,0.016797000542283058,-0.3939490020275116,0,0.27974992990493774,0.6763210296630859,0.6814180016517639,0,0.27788105607032776,-0.7364159226417542,0.6168259978294373,0,0,14.638616561889648,0,1
B35,mixamorig_LeftToe_End,34,1,0,0,0,0,1,0,0,0,0,1,0,0,5.677577018737793,0,1
B36,mixamorig_RightUpLeg,0,-0.882837176322937,0.28018903732299805,-0.3769497573375702,0,-0.44378527998924255,-0.7604193091392517,0.47414258122444153,0,-0.1537877917289734,0.5858761668205261,0.795671284198761,0,-13.961853981018066,-5.866764068603516,0.47316500544548035,1
B37,mixamorig_RightLeg,36,0.9761348366737366,0.02955932542681694,0.21514415740966797,0,0.09551890194416046,0.831255316734314,-0.5475866794586182,0,-0.1950259804725647,0.5550687909126282,0.8085933327674866,0,0,24.301692962646484,0,1
B38,mixamorig_RightFoot,37,0.8424699306488037,0.3343227505683899,0.4224519729614258,0,-0.538394033908844,0.4947163462638855,0.682166337966919,0,0.01905711553990841,-0.8021594882011414,0.5967808365821838,0,0,18.005645751953125,0,1
B39,mixamorig_RightToeBase,38,0.9212409853935242,-0.000018999999156221747,0.38899293541908264,0,-0.2807979881763458,0.69200599193573,0.6650410294532776,0,-0.2691980004310608,-0.7218909859657288,0.6374989748001099,0,0,14.53553295135498,0,1
B40,mixamorig_RightToe_End,39,1,0,0,0,0,1,0,0,0,0,1,0,0,5.66837215423584,0,1
@34,0,1,2,3,4,5,7,8,9,10,11,12,13,15,16,17,19,20,21,22,23,24,25,27,28,29,31,32,33,34,36,37,38,39
K0.000,0.46982601284980774,0.03096799924969673,0.8822159767150879,0,-0.08406200259923935,0.9964119791984558,0.009790999814867973,0,-0.8787469863891602,-0.07876099646091461,0.4707440137863159,0,1.0098680257797241,49.65018081665039,-1.033545970916748,1,0.9971749782562256,-0.07418899983167648,-0.011746999807655811,0,0.07507599890232086,0.9794489741325378,0.18719600141048431,0,-0.0023819999769330025,-0.18754999339580536,0.9822520017623901,0,0,10.525012969970703,-0.7856240272521973,1,0.9987549781799316,-0.046358998864889145,-0.0184090007096529,0,0.047995999455451965,0.9936630129814148,0.10163599997758865,0,0.01358100026845932,-0.1023930013179779,0.9946510195732117,0,0,12.313343048095703,0,1,0.9986940026283264,-0.04704799875617027,-0.019902000203728676,0,0.0488319993019104,0.9936379790306091,0.10148099809885025,0,0.01500099990516901,-0.10232000052928925,0.9946380257606506,0,0,14.072396278381348,0,1,0.9975460171699524,0.06563500314950943,-0.024379000067710876,0,-0.06534100323915482,0.9977830052375793,0.012659999541938305,0,0.025155000388622284,-0.011036000214517117,0.9996230006217957,0,0,15.83143424987793,0,1,0.5754510164260864,-0.23990799486637115,-0.7818570137023926,0,-0.02420400083065033,0.9505919814109802,-0.30949699878692627,0,0.8174780011177063,0.19702400267124176,0.5412129759788513,0,0,14.680304527282715,3.0676159858703613,1,0.02394700050354004,0.03674500063061714,-0.9990379810333252,0,0.8764280080795288,-0.48152101039886475,0.0032969999592751265,0,-0.48093700408935547,-0.8756639957427979,-0.04373500123620033,0,8.183961868286133,13.256951332092285,-0.14518800377845764,1,0.6833440065383911,-0.2980409860610962,0.6664929986000061,0,-0.04314899817109108,0.8948010206222534,0.44437500834465027,0,-0.7288200259208679,-0.3324199914932251,0.59859699010849,0,0,16.932416915893555,0,1,0.6863120198249817,0.7269309759140015,0.023391999304294586,0,-0.7268570065498352,0.6843990087509155,0.05724899843335152,0,0.025606000795960426,-0.05629400163888931,0.9980859756469727,0,0,22.398244857788086,0,1,0.994234025478363,0.000944000028539449,-0.1072319969534874,0,-0.005260999780148268,0.9991859793663025,-0.03998599946498871,0,0.1071069985628128,0.04032000154256821,0.9934300184249878,0,0,33.47169494628906,0,1,0.48658400774002075,0.6474490165710449,-0.5865539908409119,0,-0.2507709860801697,0.7466520071029663,0.6161370277404785,0,0.8368690013885498,-0.15271200239658356,0.5256699919700623,0,-4.7578630447387695,4.466963768005371,-0.000003999999989900971,1,0.9503980278968811,-0.31014999747276306,0.023473000153899193,0,0.3097749948501587,0.9506340026855469,0.018314000219106674,0,-0.027993999421596527,-0.010134000331163406,0.9995570182800293,0,-1.0412830114364624,5.116055011749268,0,1,0.8066409826278687,-0.5877249836921692,0.06252700090408325,0,0.5910099744796753,0.8031579852104187,-0.07512199878692627,0,-0.006068000104278326,0.09754999727010727,0.9952120184898376,0,0.18398000299930573,6.19973611831665,0,1,0.9907690286636353,0.135452002286911,0.005350000225007534,0,-0.0663359984755516,0.45004400610923767,0.8905389904975891,0,0.11821799725294113,-0.882673978805542,0.45487600564956665,0,0,7.075955867767334,0.23825600743293762,1,0.9982650279998779,0.05000000074505806,0.03110799938440323,0,-0.03135300055146217,0.004116999916732311,0.9994999766349792,0,0.04984699934720993,-0.9987409710884094,0.0056779999285936356,0,0.1452530026435852,8.270981788635254,0,1,0.9994879961013794,0.02649500034749508,0.017921999096870422,0,-0.03164299950003624,0.7370269894599915,0.6751220226287842,0,0.00467800023034215,-0.6753439903259277,0.7374879717826843,0,-0.18368400633335114,6.899418830871582,0,1,0.08755099773406982,-0.015293000265955925,0.9960430264472961,0,-0.8996139764785767,-0.43063101172447205,0.07246299833059311,0,0.42781901359558105,-0.9023990035057068,-0.05146000161767006,0,-8.183961868286133,13.263925552368164,-0.23862800002098083,1,0.9653599858283997,0.24502700567245483,0.08968000113964081,0,-0.25175100564956665,0.7843509912490845,0.5669350028038025,0,0.06857399642467499,-0.5698729753494263,0.818867027759552,0,0,16.932416915893555,0,1,0.755033016204834,-0.5666360259056091,-0.32992300391197205,0,0.6292020082473755,0.7676969766616821,0.12143199890851974,0,0.18447299301624298,-0.2992730140686035,0.9361649751663208,0,0,22.42294692993164,0,1,0.9645509719848633,-0.12974299490451813,-0.2298019975423813,0,0.0401419997215271,0.9327989816665649,-0.3581550121307373,0,0.2608270049095154,0.336232990026474,0.9049400091171265,0,0,33.44632339477539,0,1,0.918811023235321,-0.394428014755249,-0.014573999680578709,0,0.3457239866256714,0.7864440083503723,0.5118420124053955,0,-0.19042199850082397,-0.47532498836517334,0.858955979347229,0,4.979205131530762,3.843290090560913,0,1,0.9532909989356995,0.2902219891548157,-0.08371499925851822,0,-0.2905080020427704,0.9568300247192383,0.009014000184834003,0,0.08271700143814087,0.015727000311017036,0.9964489936828613,0,0.7765089869499207,4.971682071685791,0,1,0.8986690044403076,-0.4384140074253082,-0.013701999559998512,0,0.4382709860801697,0.8987590074539185,-0.012276999652385712,0,0.01769700087606907,0.005028000101447105,0.9998310208320618,0,0.04032500088214874,6.484291076660156,0,1,0.9997699856758118,-0.018386000767350197,0.011002999730408192,0,0.01814199984073639,0.9995959997177124,0.021894000470638275,0,-0.011401000432670116,-0.021689999848604202,0.9997000098228455,0,0,7.823678016662598,0.08308099955320358,1,0.9999499917030334,0.009952999651432037,0.00025400001322850585,0,-0.009937000460922718,0.9961199760437012,0.08743699640035629,0,0.0006179999909363687,-0.08743499964475632,0.9961699843406677,0,-0.05889600142836571,8.570366859436035,0,1,0.9998630285263062,0.016533000394701958,0.0010389999952167273,0,-0.016473999246954918,0.998956024646759,-0.042603999376297,0,-0.0017419999931007624,0.04258099943399429,0.9990919828414917,0,0.09868700057268143,5.791942119598389,0,1,-0.8533579707145691,-0.32095399498939514,0.4108160138130188,0,0.5023199915885925,-0.7170550227165222,0.4832249879837036,0,0.1394840031862259,0.6187250018119812,0.7731260061264038,0,13.961853981018066,-5.866764068603516,0.1643040031194687,1,0.9835519790649414,-0.11001800000667572,-0.1432500034570694,0,-0.03953300043940544,0.6427419781684875,-0.7650619745254517,0,0.17624300718307495,0.7581419944763184,0.6278210282325745,0,0,24.3056697845459,0,1,0.9158120155334473,-0.2689000070095062,-0.2982960045337677,0,0.3806920051574707,0.3446890115737915,0.858057975769043,0,-0.1279119998216629,-0.8993790149688721,0.418038010597229,0,0,17.98106575012207,0,1,0.9189789891242981,0.016797000542283058,-0.3939490020275116,0,0.2797499895095825,0.6763210296630859,0.6814180016517639,0,0.277880996465683,-0.7364159822463989,0.6168259978294373,0,0,14.638616561889648,0,1,-0.7276790142059326,0.4585399925708771,-0.5101220011711121,0,-0.6116459965705872,-0.7703779935836792,0.1800220012664795,0,-0.31043899059295654,0.443011999130249,0.8410519957542419,0,-13.961853981018066,-5.866764068603516,0.47316500544548035,1,0.9868959784507751,0.04255799949169159,0.1556439995765686,0,0.09170600026845932,0.6457229852676392,-0.7580440044403076,0,-0.13276399672031403,0.7623850107192993,0.6333590149879456,0,0,24.301692962646484,0,1,0.8722310066223145,0.3415229916572571,0.3501090109348297,0,-0.4084790050983429,0.11496999859809875,0.9054980278015137,0,0.268996000289917,-0.9328150153160095,0.23978500068187714,0,0,18.005645751953125,0,1,0.9212409853935242,-0.000018999999156221747,0.3889920115470886,0,-0.2807979881763458,0.69200599193573,0.6650410294532776,0,-0.2691980004310608,-0.7218909859657288,0.6374989748001099,0,0,14.53553295135498,0,1
K0.033,0.45941975712776184,0.02025587111711502,0.8879880905151367,0,-0.06232074648141861,0.9980109930038452,0.009478000923991203,0,-0.8860301375389099,-0.05969477817416191,0.45976775884628296,0,1.0898197889328003,49.65851593017578,-1.0492219924926758,1,0.9972540140151978,-0.07313596457242966,-0.011614998802542686,0,0.07402796298265457,0.9804859757423401,0.18211986124515533,0,-0.0019309846684336662,-0.1824798732995987,0.9832080006599426,0,0,10.525012969970703,-0.7856240272521973,1,0.9989280104637146,-0.043271925300359726,-0.016470951959490776,0,0.044697921723127365,0.9940469861030579,0.0993589386343956,0,0.012073961086571217,-0.09998892992734909,0.9949150085449219,0,0,12.313343048095703,0,1,0.9988840222358704,-0.04372192174196243,-0.017875948920845985,0,0.045285914093256,0.9940320253372192,0.09924094378948212,0,0.013429959304630756,-0.09993993490934372,0.994903028011322,0,0,14.072396278381348,0,1,0.9974750280380249,0.06367795914411545,-0.031453169882297516,0,-0.0630369484424591,0.9977909922599792,0.02095821127295494,0,0.03271918371319771,-0.01892320066690445,0.9992849826812744,0,0,15.83143424987793,0,1,0.5661668181419373,-0.22530187666416168,-0.7929021716117859,0,-0.02587089315056801,0.9565900564193726,-0.29028671979904175,0,0.823884129524231,0.18486371636390686,0.5357608795166016,0,0,14.680304527282715,3.0676159858703613,1,0.02056991495192051,0.035759977996349335,-0.9991490244865417,0,0.8720529079437256,-0.48941221833229065,0.00043692736653611064,0,-0.4889792203903198,-0.8713188767433167,-0.04125193506479263,0,8.183961868286133,13.256951332092285,-0.14518800377845764,1,0.7662827968597412,-0.2739509344100952,0.5811728239059448,0,0.01878984086215496,0.913712203502655,0.4059274196624756,0,-0.6422288417816162,-0.3001354932785034,0.7053090929985046,0,0,16.932416915893555,0,1,0.6833271384239197,0.7297078967094421,0.02427499368786812,0,-0.7296658754348755,0.6813701391220093,0.05764499679207802,0,0.025523990392684937,-0.057103000581264496,0.9980419874191284,0,0,22.398244857788086,0,1,0.9999839663505554,-0.004923769738525152,-0.0028127911500632763,0,0.0046129669062793255,0.9948489665985107,-0.10126761347055435,0,0.0032967727165669203,0.10125259310007095,0.9948548078536987,0,0,33.47169494628906,0,1,0.48658299446105957,0.6474490165710449,-0.586555004119873,0,-0.2507709860801697,0.7466520071029663,0.6161370277404785,0,0.836870014667511,-0.15271100401878357,0.5256699919700623,0,-4.7578630447387695,4.466963768005371,-0.000003999999989900971,1,0.9503980278968811,-0.31014999747276306,0.023473000153899193,0,0.3097749948501587,0.9506340026855469,0.018314000219106674,0,-0.027993999421596527,-0.010134000331163406,0.9995570182800293,0,-1.0412830114364624,5.116055011749268,0,1,0.8066409826278687,-0.587723970413208,0.06252700090408325,0,0.5910099744796753,0.8031589984893799,-0.07512199878692627,0,-0.006068000104278326,0.09754999727010727,0.9952120184898376,0,0.18398000299930573,6.19973611831665,0,1,0.9907690286636353,0.135452002286911,0.005350000225007534,0,-0.0663359984755516,0.45004498958587646,0.8905379772186279,0,0.11821699887514114,-0.8826730251312256,0.45487698912620544,0,0,7.075955867767334,0.23825600743293762,1,0.9982650279998779,0.05000000074505806,0.031108999624848366,0,-0.03135399892926216,0.004116999916732311,0.9994999766349792,0,0.04984699934720993,-0.9987409710884094,0.0056779999285936356,0,0.1452530026435852,8.270981788635254,0,1,0.9994879961013794,0.026494000107049942,0.01792299933731556,0,-0.03164299950003624,0.7370269894599915,0.6751220226287842,0,0.004676999989897013,-0.6753439903259277,0.7374879717826843,0,-0.18368400633335114,6.899418830871582,0,1,0.06896574050188065,0.019954878836870193,0.9974189400672913,0,-0.9020010828971863,-0.42587485909461975,0.07088812440633774,0,0.42619091272354126,-0.9045619964599609,-0.011371083557605743,0,-8.183961868286133,13.263925552368164,-0.23862800002098083,1,0.9570726752281189,0.26933783292770386,0.10709012299776077,0,-0.28129976987838745,0.7740657925605774,0.5671788454055786,0,0.0698673352599144,-0.5729557871818542,0.8166031241416931,0,0,16.932416915893555,0,1,0.7486897706985474,-0.5785404443740845,-0.32365885376930237,0,0.6388543844223022,0.7600306868553162,0.11924595385789871,0,0.17700275778770447,-0.29604893922805786,0.9386290311813354,0,0,22.42294692993164,0,1,0.9698371291160583,-0.13673295080661774,-0.20179449021816254,0,0.059757161885499954,0.9359620809555054,-0.34699389338493347,0,0.2363164871931076,0.3244679272174835,0.9159011244773865,0,0,33.44632339477539,0,1,0.9139149188995361,-0.4059041142463684,-0.0007038387120701373,0,0.3524740934371948,0.7927510738372803,0.4973018169403076,0,-0.20129911601543427,-0.4547397494316101,0.8675771355628967,0,4.979205131530762,3.843290090560913,0,1,0.9615870714187622,0.26334869861602783,-0.07744292914867401,0,-0.26368170976638794,0.9645910859107971,0.006084966938942671,0,0.0763029232621193,0.014568991959095001,0.9969779849052429,0,0.7765089869499207,4.971682071685791,0,1,0.9014380574226379,-0.4326459467411041,-0.01505601592361927,0,0.43248093128204346,0.9015480875968933,-0.013079009018838406,0,0.019232016056776047,0.00527800340205431,0.999800980091095,0,0.04032500088214874,6.484291076660156,0,1,0.9997519850730896,-0.01959000900387764,0.010617994703352451,0,0.018300998955965042,0.9937318563461304,0.11027888208627701,0,-0.01271201204508543,-0.11005787551403046,0.9938438534736633,0,0,7.823678016662598,0.08308099955320358,1,0.9999780058860779,0.0064999619498848915,0.0016120105283334851,0,-0.006688966415822506,0.98109370470047,0.19341710209846497,0,-0.00032401393400505185,-0.1934231072664261,0.9811156988143921,0,-0.05889600142836571,8.570366859436035,0,1,0.9999099969863892,0.013407967053353786,-0.00019601790700107813,0,-0.0133469607681036,0.9966048002243042,0.08124936372041702,0,0.0012850286439061165,-0.08123936504125595,0.9966938495635986,0,0.09868700057268143,5.791942119598389,0,1,-0.8427348136901855,-0.34083226323127747,0.4166911840438843,0,0.5194212198257446,-0.7181649804115295,0.4630776345729828,0,0.1414211392402649,0.6066898107528687,0.7822580933570862,0,13.961853981018066,-5.866764068603516,0.1643040031194687,1,0.984184980392456,-0.10938812047243118,-0.13933204114437103,0,-0.03953400254249573,0.6310818195343018,-0.774708092212677,0,0.17267411947250366,0.7679651379585266,0.6167768239974976,0,0,24.3056697845459,0,1,0.9137049913406372,-0.26584094762802124,-0.30736395716667175,0,0.3862699270248413,0.333162784576416,0.860115110874176,0,-0.12625105679035187,-0.9046160578727722,0.40709879994392395,0,0,17.98106575012207,0,1,0.9189789891242981,0.016797000542283058,-0.3939490020275116,0,0.2797499895095825,0.6763210296630859,0.6814180016517639,0,0.27788200974464417,-0.7364159822463989,0.6168249845504761,0,0,14.638616561889648,0,1,-0.7311891317367554,0.4546549320220947,-0.5085778832435608,0,-0.6030528545379639,-0.7793010473251343,0.1703440099954605,0,-0.318886935710907,0.4312528967857361,0.843997061252594,0,-13.961853981018066,-5.866764068603516,0.47316500544548035,1,0.9831860065460205,0.05978607013821602,0.17254208028316498,0,0.09214700013399124,0.6533190608024597,-0.7514539361000061,0,-0.1576521098613739,0.7547179460525513,0.6368250846862793,0,0,24.301692962646484,0,1,0.879611074924469,0.3347439169883728,0.3379809856414795,0,-0.3977620303630829,0.12788918614387512,0.9085319638252258,0,0.2609008550643921,-0.9335899949073792,0.24564112722873688,0,0,18.005645751953125,0,1,0.9212409853935242,-0.00001900001007015817,0.3889920115470886,0,-0.2807979881763458,0.6920070052146912,0.6650410294532776,0,-0.2691980004310608,-0.7218909859657288,0.6374989748001099,0,0,14.53553295135498,0,1
K0.067,0.4348362386226654,0.007469126954674721,0.9004788994789124,0,-0.036930251866579056,0.9992719888687134,0.009544999338686466,0,-0.8997519016265869,-0.03740521892905235,0.43479523062705994,0,1.1733101606369019,49.65105438232422,-1.0449769496917725,1,0.9975209832191467,-0.06941703706979752,-0.011493001133203506,0,0.07036104053258896,0.9831809997558594,0.16853713989257812,0,-0.00040001521119847894,-0.1689281314611435,0.9856280088424683,0,0,10.525012969970703,-0.7856240272521973,1,0.9992889761924744,-0.03588607534766197,-0.0115890484303236,0,0.03681207820773125,0.9949640035629272,0.09322506189346313,0,0.008186038583517075,-0.0935850664973259,0.9955779910087585,0,0,12.313343048095703,0,1,0.9992790222167969,-0.03576907888054848,-0.012769050896167755,0,0.036805085837841034,0.994966983795166,0.09320206195116043,0,0.009371040388941765,-0.09360405802726746,0.9955649971961975,0,0,14.072396278381348,0,1,0.9970170259475708,0.060053035616874695,-0.048475831747055054,0,-0.05804004892706871,0.9974330067634583,0.04193079099059105,0,0.05086982250213623,-0.03899279981851578,0.9979439973831177,0,0,15.83143424987793,0,1,0.5481611490249634,-0.21294112503528595,-0.8088118433952332,0,-0.0153461042791605,0.9643229246139526,-0.26428428292274475,0,0.8362318873405457,0.1572822630405426,0.5253361463546753,0,0,14.680304527282715,3.0676159858703613,1,0.011926085688173771,0.03353002294898033,-0.9993669986724854,0,0.8604881167411804,-0.5094258189201355,-0.006822927854955196,0,-0.5093318223953247,-0.8598611354827881,-0.034927062690258026,0,8.183961868286133,13.256951332092285,-0.14518800377845764,1,0.8439152240753174,-0.26808905601501465,0.46468716859817505,0,0.10274016857147217,0.9309168457984924,0.3504825234413147,0,-0.5265461206436157,-0.2480355203151703,0.8131589293479919,0,0,16.932416915893555,0,1,0.6967278718948364,0.7169401049613953,0.023806005716323853,0,-0.7169151306152344,0.6947999000549316,0.057325005531311035,0,0.024558009579777718,-0.057006001472473145,0.9980720281600952,0,0,22.398244857788086,0,1,0.9928500652313232,0.018081771209836006,0.11798980087041855,0,0.0013040329795330763,0.9867590665817261,-0.16218538582324982,0,-0.11935977637767792,0.16117940843105316,0.9796801805496216,0,0,33.47169494628906,0,1,0.48658299446105957,0.6474490165710449,-0.5865539908409119,0,-0.2507709860801697,0.7466520071029663,0.6161370277404785,0,0.8368690013885498,-0.15271100401878357,0.5256699919700623,0,-4.7578630447387695,4.466963768005371,-0.000003999999989900971,1,0.9503980278968811,-0.31014999747276306,0.023471999913454056,0,0.3097749948501587,0.9506340026855469,0.018314000219106674,0,-0.027993999421596527,-0.010134999640285969,0.9995570182800293,0,-1.0412830114364624,5.116055011749268,0,1,0.8066419959068298,-0.587723970413208,0.06252700090408325,0,0.5910099744796753,0.8031589984893799,-0.07512199878692627,0,-0.006068000104278326,0.09754999727010727,0.9952120184898376,0,0.18398000299930573,6.19973611831665,0,1,0.9907690286636353,0.135453000664711,0.005350000225007534,0,-0.06633699685335159,0.45004498958587646,0.8905389904975891,0,0.11821799725294113,-0.8826730251312256,0.45487600564956665,0,0,7.075955867767334,0.23825600743293762,1,0.9982650279998779,0.05000000074505806,0.03110799938440323,0,-0.03135300055146217,0.004116999916732311,0.9994999766349792,0,0.04984699934720993,-0.9987409710884094,0.0056779999285936356,0,0.1452530026435852,8.270981788635254,0,1,0.9994879961013794,0.026494000107049942,0.017921999096870422,0,-0.03164299950003624,0.7370259761810303,0.6751229763031006,0,0.00467800023034215,-0.6753439903259277,0.7374879717826843,0,-0.18368400633335114,6.899418830871582,0,1,0.0427122600376606,0.10778412967920303,0.9932560324668884,0,-0.9076419472694397,-0.41132214665412903,0.0836658701300621,0,0.41756609082221985,-0.9050949811935425,0.08026108890771866,0,-8.183961868286133,13.263925552368164,-0.23862800002098083,1,0.9274932742118835,0.35408616065979004,0.11991187185049057,0,-0.3593272268772125,0.7558811902999878,0.5472911596298218,0,0.10314866900444031,-0.5506962537765503,0.8283078670501709,0,0,16.932416915893555,0,1,0.7223502397537231,-0.6190615892410278,-0.3081781566143036,0,0.6741886138916016,0.7296082973480225,0.11463504284620285,0,0.1538832187652588,-0.2905770540237427,0.9443969130516052,0,0,22.42294692993164,0,1,0.9795878529548645,-0.1328040510416031,-0.15090151131153107,0,0.07563384622335434,0.9390249252319336,-0.33542710542678833,0,0.18624648451805115,0.3171670734882355,0.9299018979072571,0,0,33.44632339477539,0,1,0.9082270860671997,-0.41819387674331665,0.015412840060889721,0,0.3600229024887085,0.7996059656143188,0.48063918948173523,0,-0.21332387626171112,-0.43098023533821106,0.8767828941345215,0,4.979205131530762,3.843290090560913,0,1,0.9700209498405457,0.2326412945985794,-0.07027007639408112,0,-0.23302729427814484,0.9724659323692322,0.002767033176496625,0,0.06897807121276855,0.0136910080909729,0.9975240230560303,0,0.7765089869499207,4.971682071685791,0,1,0.9045289158821106,-0.4260890483856201,-0.01659698598086834,0,0.4258960485458374,0.9046639204025269,-0.013985990546643734,0,0.02097398415207863,0.005581997334957123,0.9997640252113342,0,0.04032500088214874,6.484291076660156,0,1,0.9997379779815674,-0.020540989935398102,0.010055005550384521,0,0.0181410014629364,0.9799811244010925,0.19826212525367737,0,-0.013925988227128983,-0.19802811741828918,0.9800971150398254,0,0,7.823678016662598,0.08308099955320358,1,0.9999930262565613,0.0026670382358133793,0.0026539897080510855,0,-0.003348033409565687,0.9525532722473145,0.30435189604759216,0,-0.001715986174531281,-0.30435889959335327,0.952556312084198,0,-0.05889600142836571,8.570366859436035,0,1,0.9999470114707947,0.010138032957911491,-0.0019859822932630777,0,-0.009464038535952568,0.9760181903839111,0.21748463809490204,0,0.004142971709370613,-0.21745464205741882,0.9760611653327942,0,0.09868700057268143,5.791942119598389,0,1,-0.8234661817550659,-0.3663257360458374,0.43325480818748474,0,0.5457547903060913,-0.7201759815216064,0.42836636304855347,0,0.15509887039661407,0.5891962051391602,0.7929648756980896,0,13.961853981018066,-5.866764068603516,0.1643040031194687,1,0.9821360111236572,-0.12101588398218155,-0.14409495890140533,0,-0.039806995540857315,0.6148181557655334,-0.7876638770103455,0,0.18391188979148865,0.7793288826942444,0.5990181565284729,0,0,24.3056697845459,0,1,0.9156649708747864,-0.26121005415916443,-0.3054960370063782,0,0.3797110617160797,0.3128802180290222,0.8705888986587524,0,-0.13182294368743896,-0.9131679534912109,0.3856772184371948,0,0,17.98106575012207,0,1,0.9189789891242981,0.016797000542283058,-0.3939490020275116,0,0.2797499895095825,0.6763210296630859,0.6814180016517639,0,0.27788200974464417,-0.7364159822463989,0.6168249845504761,0,0,14.638616561889648,0,1,-0.7431978583335876,0.44880107045173645,-0.49621912837028503,0,-0.591015100479126,-0.788007915019989,0.17246899008750916,0,-0.31362006068229675,0.4214510917663574,0.8508939146995544,0,-13.961853981018066,-5.866764068603516,0.47316500544548035,1,0.9813290238380432,0.06679993122816086,0.1803649216890335,0,0.09232299774885178,0.6590589284896851,-0.7464030385017395,0,-0.16873089969158173,0.7491190433502197,0.6405859589576721,0,0,24.301692962646484,0,1,0.8826609253883362,0.3267460763454437,0.3378559947013855,0,-0.4000699818134308,0.14502683281898499,0.9049370884895325,0,0.2466871291399002,-0.9339190125465393,0.2587308883666992,0,0,18.005645751953125,0,1,0.9212409853935242,-0.000019999990399810486,0.3889929950237274,0,-0.2807979881763458,0.69200599193573,0.6650410294532776,0,-0.2691980004310608,-0.7218909859657288,0.6374989748001099,0,0,14.53553295135498,0,1
K0.100,0.4079599976539612,-0.0052009993232786655,0.9129850268363953,0,-0.01133900135755539,0.9998779892921448,0.010762999765574932,0,-0.9129289984703064,-0.014744000509381294,0.4078510105609894,0,1.245705008506775,49.59284210205078,-1.020313024520874,1,0.9978899955749512,-0.06389299780130386,-0.01158200018107891,0,0.06490600109100342,0.9867410063743591,0.14876000583171844,0,0.0019229998579248786,-0.14919699728488922,0.9888060092926025,0,0,10.525012969970703,-0.7856240272521973,1,0.9996280074119568,-0.026788000017404556,-0.005120000336319208,0,0.027124999091029167,0.9960650205612183,0.08437400311231613,0,0.0028390001971274614,-0.08448100090026855,0.9964209794998169,0,0,12.313343048095703,0,1,0.9996439814567566,-0.025983000174164772,-0.0059930006973445415,0,0.02639699913561344,0.9960749745368958,0.08448699861764908,0,0.003774000331759453,-0.08461499959230423,0.9964069724082947,0,0,14.072396278381348,0,1,0.9959459900856018,0.057186998426914215,-0.06943199783563614,0,-0.05240600183606148,0.9962509870529175,0.06883099675178528,0,0.0731080025434494,-0.06491299718618393,0.9952089786529541,0,0,15.83143424987793,0,1,0.5307390093803406,-0.1970299929380417,-0.8243150115013123,0,0.005732999183237553,0.9734150171279907,-0.2289769947528839,0,0.8475160002708435,0.11680100113153458,0.5177590250968933,0,0,14.680304527282715,3.0676159858703613,1,0.00015600051847286522,0.03103400021791458,-0.9995179772377014,0,0.8439170122146606,-0.5362190008163452,-0.016517000272870064,0,-0.5364729762077332,-0.8435080051422119,-0.026273999363183975,0,8.183961868286133,13.256951332092285,-0.14518800377845764,1,0.9022150039672852,-0.282463014125824,0.3259179890155792,0,0.19137099385261536,0.9394109845161438,0.284400999546051,0,-0.38650399446487427,-0.19422000646591187,0.901606023311615,0,0,16.932416915893555,0,1,0.705003023147583,0.7091379761695862,0.009710000827908516,0,-0.7084320187568665,0.7035300135612488,0.056304000318050385,0,0.03309600055217743,-0.04657299816608429,0.9983659982681274,0,0,22.398244857788086,0,1,0.9680650234222412,0.04809100180864334,0.24604299664497375,0,0.007700999733060598,0.9752609729766846,-0.22092300653457642,0,-0.2505809962749481,0.21576200425624847,0.9437459707260132,0,0,33.47169494628906,0,1,0.48658400774002075,0.6474490165710449,-0.5865539908409119,0,-0.2507709860801697,0.7466520071029663,0.6161370277404785,0,0.8368690013885498,-0.15271200239658356,0.5256699919700623,0,-4.7578630447387695,4.466963768005371,-0.000003999999989900971,1,0.9503980278968811,-0.31014999747276306,0.023473000153899193,0,0.3097740113735199,0.9506340026855469,0.018314000219106674,0,-0.027993999421596527,-0.010134000331163406,0.9995570182800293,0,-1.0412830114364624,5.116055011749268,0,1,0.8066409826278687,-0.5877249836921692,0.06252700090408325,0,0.5910099744796753,0.8031579852104187,-0.07512199878692627,0,-0.006068000104278326,0.09755100309848785,0.9952120184898376,0,0.18398000299930573,6.19973611831665,0,1,0.9907690286636353,0.135452002286911,0.005350000225007534,0,-0.06633699685335159,0.45004498958587646,0.8905389904975891,0,0.11821799725294113,-0.8826730251312256,0.45487600564956665,0,0,7.075955867767334,0.23825600743293762,1,0.9982650279998779,0.05000099912285805,0.031108999624848366,0,-0.03135300055146217,0.004116999916732311,0.9994999766349792,0,0.04984800145030022,-0.9987409710884094,0.005677000153809786,0,0.1452530026435852,8.270981788635254,0,1,0.9994879961013794,0.02649500034749508,0.017921999096870422,0,-0.03164299950003624,0.7370269894599915,0.6751220226287842,0,0.00467800023034215,-0.6753439903259277,0.7374879717826843,0,-0.18368400633335114,6.899418830871582,0,1,0.014010000973939896,0.21547900140285492,0.9764080047607422,0,-0.9166920185089111,-0.387237012386322,0.09860999882221222,0,0.39934900403022766,-0.8964470028877258,0.19210299849510193,0,-8.183961868286133,13.263925552368164,-0.23862800002098083,1,0.8699089884757996,0.4809170067310333,0.10944200307130814,0,-0.4628880023956299,0.7194640040397644,0.5177900195121765,0,0.17027400434017181,-0.5010889768600464,0.8484789729118347,0,0,16.932416915893555,0,1,0.6604440212249756,-0.6932100057601929,-0.2885720133781433,0,0.7421600222587585,0.6610320210456848,0.11061800271272659,0,0.11407399922609329,-0.2872230112552643,0.9510470032691956,0,0,22.42294692993164,0,1,0.9902690052986145,-0.06993500143289566,-0.12032099813222885,0,0.022976001724600792,0.9348580241203308,-0.35427799820899963,0,0.13726000487804413,0.3480660021305084,0.9273669719696045,0,0,33.44632339477539,0,1,0.9020479917526245,-0.4303770065307617,0.03293300047516823,0,0.3679080009460449,0.8065279722213745,0.4627690017223358,0,-0.22572599351406097,-0.4053240120410919,0.8858669996261597,0,4.979205131530762,3.843290090560913,0,1,0.9778280258178711,0.19983699917793274,-0.0625929981470108,0,-0.2002750039100647,0.9797390103340149,-0.0007449998520314693,0,0.06117499992251396,0.013264999724924564,0.9980390071868896,0,0.7765089869499207,4.971682071685791,0,1,0.9077489972114563,-0.4191179871559143,-0.018233999609947205,0,0.4188930094242096,0.907912015914917,-0.014949999749660492,0,0.02282099984586239,0.005932000000029802,0.9997220039367676,0,0.04032500088214874,6.484291076660156,0,1,0.9997130036354065,-0.022110000252723694,0.009239000268280506,0,0.019381999969482422,0.972806990146637,0.23080499470233917,0,-0.014090999960899353,-0.23055900633335114,0.9729560017585754,0,0,7.823678016662598,0.08308099955320358,1,0.9999949932098389,-0.00006299987580860034,0.003106999909505248,0,-0.0011210001539438963,0.9252340197563171,0.379395991563797,0,-0.0028979999478906393,-0.379397988319397,0.925229012966156,0,-0.05889600142836571,8.570366859436035,0,1,0.9999629855155945,0.007691999897360802,-0.0037609999999403954,0,-0.006051999982446432,0.9457200169563293,0.3249259889125824,0,0.006056000012904406,-0.32489100098609924,0.9457319974899292,0,0.09868700057268143,5.791942119598389,0,1,-0.8018370270729065,-0.39357298612594604,0.44962000846862793,0,0.5729799866676331,-0.7199419736862183,0.3916339874267578,0,0.16956399381160736,0.5716490149497986,0.8027859926223755,0,13.961853981018066,-5.866764068603516,0.1643040031194687,1,0.9810019731521606,-0.12926499545574188,-0.1446560025215149,0,-0.039792001247406006,0.5957310199737549,-0.8021979928016663,0,0.18987199664115906,0.79271399974823,0.5792689919471741,0,0,24.3056697845459,0,1,0.915818989276886,-0.2558700144290924,-0.3095250129699707,0,0.37811699509620667,0.2897520065307617,0.8792449831962585,0,-0.13528700172901154,-0.9222660064697266,0.3621090054512024,0,0,17.98106575012207,0,1,0.9189789891242981,0.016797000542283058,-0.3939490020275116,0,0.2797490060329437,0.6763210296630859,0.6814180016517639,0,0.27788200974464417,-0.7364159822463989,0.6168259978294373,0,0,14.638616561889648,0,1,-0.7562689781188965,0.44332998991012573,-0.4811609983444214,0,-0.5789949893951416,-0.7959619760513306,0.17666099965572357,0,-0.30466699600219727,0.41219401359558105,0.8586469888687134,0,-13.961853981018066,-5.866764068603516,0.47316500544548035,1,0.9815509915351868,0.06555300205945969,0.17961399257183075,0,0.09189900010824203,0.6620230078697205,-0.7438279986381531,0,-0.16766899824142456,0.746612012386322,0.6437849998474121,0,0,24.301692962646484,0,1,0.8813890218734741,0.3188199996948242,0.34857800602912903,0,-0.41262298822402954,0.1603350043296814,0.8966799974441528,0,0.22999100387096405,-0.9341549873352051,0.2728700041770935,0,0,18.005645751953125,0,1,0.9212409853935242,-0.000018999999156221747,0.3889929950237274,0,-0.2807979881763458,0.69200599193573,0.6650410294532776,0,-0.2691980004310608,-0.7218909859657288,0.6374989748001099,0,0,14.53553295135498,0,1
