1.000,30,30,41
B0,mixamorig_Hips,-1,0.37529850006103516,-0.06938870251178741,0.9225014448165894,0,0.030879147350788116,0.996174156665802,0.0638812929391861,0,-0.9242796301841736,0.006082895677536726,0.377869188785553,0,3.406709909439087,49.49688720703125,-1.462650179862976,1
B1,mixamorig_Spine,0,0.9977672100067139,-0.03306538611650467,-0.05307991802692413,0,0.04518458619713783,0.9700362086296082,0.2375282645225525,0,0.043907150626182556,-0.23920126259326935,0.969562828540802,0,0,10.525012969970703,-0.7856240272521973,1
B2,mixamorig_Spine1,1,0.9964718222618103,0.004251162521541119,-0.07773225009441376,0,0.0032654842361807823,0.9950971603393555,0.09719205647706985,0,0.07774187624454498,-0.09667617082595825,0.9919362664222717,0,0,12.313343048095703,0,1
B3,mixamorig_Spine2,2,0.9963812828063965,0.003239358076825738,-0.07900257408618927,0,0.004309116397053003,0.9951918721199036,0.09616643935441971,0,0.07890553027391434,-0.09573638439178467,0.9919383525848389,0,0,14.072396278381348,0,1
B4,mixamorig_Neck,3,0.999017059803009,0.04128951579332352,-0.011776101775467396,0,-0.03822583332657814,0.973120927810669,0.21201959252357483,0,0.01948128640651703,-0.21135304868221283,0.9738434553146362,0,0,15.83143424987793,0,1
B5,mixamorig_Head,4,0.6787081360816956,-0.19315189123153687,-0.7064389586448669,0,0.027456559240818024,0.9705910682678223,-0.23630358278751373,0,0.7316156625747681,0.14039205014705658,0.6639942526817322,0,0,14.680304527282715,3.0676159858703613,1
B6,mixamorig_HeadTop_End,5,1,0,0,0,0,1,0,0,0,0,1,0,0,52.596832275390625,10.990701675415039,1
B7,mixamorig_LeftShoulder,3,0.06112765893340111,0.03370398283004761,-0.9974484443664551,0,0.8925679922103882,-0.4486905038356781,0.03962920978665352,0,-0.4462360441684723,-0.8929262757301331,-0.05730532854795456,0,8.183961868286133,13.256951332092285,-0.14518800377845764,1
B8,mixamorig_LeftArm,7,0.7083407640457153,-0.16571980714797974,0.6839713454246521,0,-0.2039162963628769,0.8791635036468506,0.42570701241493225,0,-0.6722245216369629,-0.44139641523361206,0.5923213958740234,0,0,16.932416915893555,0,1
B9,mixamorig_LeftForeArm,8,0.7738221287727356,0.6310067176818848,-0.011041894555091858,0,-0.6300084590911865,0.7733475565910339,0.04712199792265892,0,0.038925353437662125,-0.02990177646279335,0.9987242817878723,0,0,22.398244857788086,0,1
B10,mixamorig_LeftHand,9,0.9950458407402039,-0.019612902775406837,-0.0970267653465271,0,0.015511042438447475,0.998924970626831,-0.042858876287937164,0,0.09777317941188812,0.041175976395606995,0.9943495988845825,0,0,33.47169494628906,0,1
B11,mixamorig_LeftHandThumb1,10,0.4865831434726715,0.6474490165710449,-0.586555004119873,0,-0.2507700026035309,0.7466520071029663,0.6161378622055054,0,0.836870014667511,-0.15271200239658356,0.5256689786911011,0,-4.7578630447387695,4.466963768005371,-0.000003999999989900971,1
B12,mixamorig_LeftHandThumb2,11,0.9503970146179199,-0.31015199422836304,0.023474860936403275,0,0.3097761571407318,0.9506329894065857,0.018312999978661537,0,-0.02799586020410061,-0.01013300009071827,0.9995570182800293,0,-1.0412830114364624,5.116055011749268,0,1
B13,mixamorig_LeftHandThumb3,12,0.8066409826278687,-0.5877249836921692,0.06252700090408325,0,0.5910108685493469,0.8031579852104187,-0.07512199878692627,0,-0.006068000104278326,0.09754999727010727,0.9952120184898376,0,0.18398000299930573,6.19973611831665,0,1
B14,mixamorig_LeftHandThumb4,13,1,0,0,0,0,1,0,0,0,0,1,0,0.8573030233383179,4.033854007720947,0,1
B15,mixamorig_LeftHandIndex1,10,0.9907699823379517,0.13545186817646027,0.005350000225007534,0,-0.0663359984755516,0.45004600286483765,0.8905379772186279,0,0.11821699887514114,-0.8826730251312256,0.45487698912620544,0,0,7.075955867767334,0.23825600743293762,1
B16,mixamorig_LeftHandIndex2,15,0.9982650279998779,0.05000000074505806,0.03110799938440323,0,-0.03135300055146217,0.004116999916732311,0.9994999766349792,0,0.04984699934720993,-0.9987409710884094,0.005677000153809786,0,0.1452530026435852,8.270981788635254,0,1
B17,mixamorig_LeftHandIndex3,16,0.9994879961013794,0.026494000107049942,0.01792299933731556,0,-0.03164299950003624,0.7370280027389526,0.675121009349823,0,0.004676999989897013,-0.6753429770469666,0.7374889850616455,0,-0.18368400633335114,6.899418830871582,0,1
B18,mixamorig_LeftHandIndex4,17,1,0,0,0,0,1,0,0,0,0,1,0,0.03843099996447563,4.820864200592041,0,1
B19,mixamorig_RightShoulder,3,0.07480008900165558,-0.020634304732084274,0.9969694018363953,0,-0.8856024146080017,-0.4607086777687073,0.056914519518613815,0,0.45815563201904297,-0.8872057795524597,-0.0526605099439621,0,-8.183961868286133,13.263925552368164,-0.23862800002098083,1
B20,mixamorig_RightArm,19,0.9456278085708618,0.1013571098446846,0.2923966944217682,0,-0.21377511322498322,0.8830072283744812,0.4109411835670471,0,-0.2161472737789154,-0.450359970331192,0.857230544090271,0,0,16.932416915893555,0,1
B21,mixamorig_RightForeArm,20,0.7829678654670715,-0.5480703711509705,-0.29357248544692993,0,0.5902107357978821,0.8034278750419617,0.07299402356147766,0,0.1955045461654663,-0.23043304681777954,0.9528138637542725,0,0,22.42294692993164,0,1
B22,mixamorig_RightHand,21,0.9642480611801147,-0.07543401420116425,-0.2529296576976776,0,0.026955481618642807,0.9788869619369507,-0.19007191061973572,0,0.2635710835456848,0.1765172779560089,0.9460363388061523,0,0,33.44632339477539,0,1
B23,mixamorig_RightHandThumb1,22,0.9188085198402405,-0.39443475008010864,-0.014579306356608868,0,0.34573259949684143,0.786441445350647,0.5118385553359985,0,-0.19042113423347473,-0.475322425365448,0.8589577078819275,0,4.979205131530762,3.843290090560913,0,1
B24,mixamorig_RightHandThumb2,23,0.9532926082611084,0.2902151048183441,-0.08371585607528687,0,-0.29050108790397644,0.9568325877189636,0.009014138951897621,0,0.08271799981594086,0.015726860612630844,0.9964489936828613,0,0.7765089869499207,4.971682071685791,0,1
B25,mixamorig_RightHandThumb3,24,0.8987077474594116,-0.4383338987827301,-0.013708888553082943,0,0.43819162249565125,0.8987977504730225,-0.012262360192835331,0,0.017696278169751167,0.005013360641896725,0.9998310208320618,0,0.04032500088214874,6.484291076660156,0,1
B26,mixamorig_RightHandThumb4,25,1,0,0,0,0,1,0,0,0,0,1,0,-0.8168330192565918,4.664699077606201,0,1
B27,mixamorig_RightHandIndex1,22,0.9997786283493042,-0.017904605716466904,0.01105122547596693,0,0.01769419014453888,0.9996657371520996,0.018813733011484146,0,-0.011384638026356697,-0.018614761531352997,0.999761164188385,0,0,7.823678016662598,0.08308099955320358,1
B28,mixamorig_RightHandIndex2,27,0.999944806098938,0.01045909058302641,0.000263611669652164,0,-0.01044395100325346,0.9963914155960083,0.08422211557626724,0,0.0006185834645293653,-0.08422011882066727,0.996446430683136,0,-0.05889600142836571,8.570366859436035,0,1
B29,mixamorig_RightHandIndex3,28,0.9998543858528137,0.017058592289686203,0.0009468547650612891,0,-0.016997870057821274,0.9988001585006714,-0.045902278274297714,0,-0.0017290825489908457,0.04587927833199501,0.9989446997642517,0,0.09868700057268143,5.791942119598389,0,1
B30,mixamorig_RightHandIndex4,29,1,0,0,0,0,1,0,0,0,0,1,0,-0.03979099914431572,4.182465076446533,0,1
B31,mixamorig_LeftUpLeg,0,-0.7501378655433655,-0.4554182291030884,0.4739331007003784,0,0.6475008130073547,-0.6355041861534119,0.4142952561378479,0,0.11317413300275803,0.6202740669250488,0.7761045694351196,0,13.961853981018066,-5.866764068603516,0.1643040031194687,1
B32,mixamorig_LeftLeg,31,0.9758464097976685,-0.17940083146095276,-0.12114296853542328,0,-0.009208990260958672,0.5275163054466248,-0.8475005626678467,0,0.217280775308609,0.8281528949737549,0.5136045217514038,0,0,24.3056697845459,0,1
B33,mixamorig_LeftFoot,32,0.9253453016281128,-0.23571819067001343,-0.2966151535511017,0,0.35971346497535706,0.2992263436317444,0.8834940791130066,0,-0.11935219913721085,-0.9242782592773438,0.36172133684158325,0,0,17.98106575012207,0,1
B34,mixamorig_LeftToeBase,33,0.9187327027320862,0.017099129036068916,-0.3945104479789734,0,0.279790461063385,0.6768153309822083,0.6809098720550537,0,0.27865347266197205,-0.7359544634819031,0.6170284152030945,0,0,14.638616561889648,0,1
B35,mixamorig_LeftToe_End,34,1,0,0,0,0,1,0,0,0,0,1,0,0,5.677577018737793,0,1
B36,mixamorig_RightUpLeg,0,-0.8084496855735779,0.32600945234298706,-0.48595190048217773,0,-0.48389971256256104,-0.8384281992912292,0.242631733417511,0,-0.32940754294395447,0.4326210021972656,0.8391982316970825,0,-13.961853981018066,-5.866764068603516,0.47316500544548035,1
B37,mixamorig_RightLeg,36,0.9777315258979797,-0.036551255732774734,0.20327210426330566,0,0.17217634618282318,0.6885585188865662,-0.7031493782997131,0,-0.11529156565666199,0.723187267780304,0.680479884147644,0,0,24.301692962646484,0,1
B38,mixamorig_RightFoot,37,0.857237696647644,0.3516939878463745,0.3758922219276428,0,-0.47200310230255127,0.24886605143547058,0.8432739973068237,0,0.20236915349960327,-0.900723397731781,0.379117876291275,0,0,18.005645751953125,0,1
B39,mixamorig_RightToeBase,38,0.921280562877655,-0.013223477639257908,0.3886372447013855,0,-0.28032079339027405,0.6700947284698486,0.6871944069862366,0,-0.2695588767528534,-0.7420421838760376,0.6136397123336792,0,0,14.53553295135498,0,1
B40,mixamorig_RightToe_End,39,1,0,0,0,0,1,0,0,0,0,1,0,0,5.66837215423584,0,1
@34,0,1,2,3,4,5,7,8,9,10,11,12,13,15,16,17,19,20,21,22,23,24,25,27,28,29,31,32,33,34,36,37,38,39
K0.000,0.4698289930820465,0.030967000871896744,0.8822140097618103,0,-0.08406099677085876,0.9964119791984558,0.009790999814867973,0,-0.878745973110199,-0.07875999808311462,0.4707469940185547,0,1.0098470449447632,49.65007781982422,-1.033540964126587,1,0.9971669912338257,-0.07429700344800949,-0.011738999746739864,0,0.07518000155687332,0.9794520139694214,0.18713900446891785,0,-0.0024059999268501997,-0.18749099969863892,0.9822630286216736,0,0,10.525012969970703,-0.7856240272521973,1,0.9987589716911316,-0.04632499814033508,-0.018272999674081802,0,0.047947999089956284,0.9936649799346924,0.10163599997758865,0,0.01344900019466877,-0.1023859977722168,0.9946539998054504,0,0,12.313343048095703,0,1,0.9986900091171265,-0.047130998224020004,-0.019905000925064087,0,0.04891499876976013,0.9936339855194092,0.10148099809885025,0,0.014995000325143337,-0.10232199728488922,0.9946380257606506,0,0,14.072396278381348,0,1,0.99754798412323,0.06563299894332886,-0.024299999698996544,0,-0.06533899903297424,0.9977819919586182,0.012714999727904797,0,0.02507999911904335,-0.011095999740064144,0.9996240139007568,0,0,15.83143424987793,0,1,0.5753999948501587,-0.23996999859809875,-0.7818760275840759,0,-0.024190999567508698,0.9505760073661804,-0.3095490038394928,0,0.8175150156021118,0.1970279961824417,0.541155993938446,0,0,14.680304527282715,3.0676159858703613,1,0.023946000263094902,0.03672400116920471,-0.9990389943122864,0,0.87642902135849,-0.48151901364326477,0.00330700003542006,0,-0.4809350073337555,-0.8756660223007202,-0.043717000633478165,0,8.183961868286133,13.256951332092285,-0.14518800377845764,1,0.6833339929580688,-0.29804399609565735,0.666500985622406,0,-0.043143000453710556,0.8948050141334534,0.44436800479888916,0,-0.7288299798965454,-0.33240699768066406,0.5985919833183289,0,0,16.932416915893555,0,1,0.6863380074501038,0.7269060015678406,0.023398999124765396,0,-0.726830005645752,0.6844210028648376,0.05733099952340126,0,0.02566000074148178,-0.05635499954223633,0.9980810284614563,0,0,22.398244857788086,0,1,0.9942330121994019,0.0009549999958835542,-0.10723499953746796,0,-0.005272999871522188,0.9991859793663025,-0.03998500108718872,0,0.10710900276899338,0.04031899943947792,0.9934290051460266,0,0,33.47169494628906,0,1,0.48658400774002075,0.6474490165710449,-0.586555004119873,0,-0.2507700026035309,0.7466520071029663,0.6161370277404785,0,0.836870014667511,-0.15271200239658356,0.5256689786911011,0,-4.7578630447387695,4.466963768005371,-0.000003999999989900971,1,0.9503970146179199,-0.31015199422836304,0.02347400039434433,0,0.30977699160575867,0.9506329894065857,0.018312999978661537,0,-0.027994999662041664,-0.01013300009071827,0.9995570182800293,0,-1.0412830114364624,5.116055011749268,0,1,0.8066409826278687,-0.5877249836921692,0.06252700090408325,0,0.5910099744796753,0.8031579852104187,-0.07512199878692627,0,-0.006068000104278326,0.09754999727010727,0.9952120184898376,0,0.18398000299930573,6.19973611831665,0,1,0.9907699823379517,0.13545100390911102,0.005350000225007534,0,-0.0663359984755516,0.45004600286483765,0.8905379772186279,0,0.11821699887514114,-0.8826730251312256,0.45487698912620544,0,0,7.075955867767334,0.23825600743293762,1,0.9982650279998779,0.05000000074505806,0.03110799938440323,0,-0.03135300055146217,0.004116999916732311,0.9994999766349792,0,0.04984699934720993,-0.9987409710884094,0.005677000153809786,0,0.1452530026435852,8.270981788635254,0,1,0.9994879961013794,0.026494000107049942,0.01792299933731556,0,-0.03164299950003624,0.7370280027389526,0.675121009349823,0,0.004676999989897013,-0.6753429770469666,0.7374889850616455,0,-0.18368400633335114,6.899418830871582,0,1,0.08755499869585037,-0.015309000387787819,0.996042013168335,0,-0.8996390104293823,-0.4305799901485443,0.07246299833059311,0,0.42776599526405334,-0.9024230241775513,-0.051472000777721405,0,-8.183961868286133,13.263925552368164,-0.23862800002098083,1,0.9653649926185608,0.24500800669193268,0.08966899663209915,0,-0.2517299950122833,0.7843629717826843,0.5669280290603638,0,0.06856899708509445,-0.5698649883270264,0.8188729882240295,0,0,16.932416915893555,0,1,0.7549970149993896,-0.5666829943656921,-0.32992398738861084,0,0.6292179822921753,0.7677099704742432,0.12127000093460083,0,0.1845639944076538,-0.29915300011634827,0.9361860156059265,0,0,22.42294692993164,0,1,0.9645770192146301,-0.1297059953212738,-0.22971299290657043,0,0.04013799875974655,0.9327989816665649,-0.3581550121307373,0,0.2607310116291046,0.3362480103969574,0.9049620032310486,0,0,33.44632339477539,0,1,0.9188119769096375,-0.39442700147628784,-0.014574999921023846,0,0.3457239866256714,0.7864440083503723,0.5118420124053955,0,-0.19042199850082397,-0.47532498836517334,0.858955979347229,0,4.979205131530762,3.843290090560913,0,1,0.9532899856567383,0.2902219891548157,-0.08371499925851822,0,-0.2905080020427704,0.9568300247192383,0.00901500042527914,0,0.08271799981594086,0.0157260000705719,0.9964489936828613,0,0.7765089869499207,4.971682071685791,0,1,0.8986690044403076,-0.4384140074253082,-0.013701999559998512,0,0.4382700026035309,0.8987590074539185,-0.012276999652385712,0,0.017697999253869057,0.005028000101447105,0.9998310208320618,0,0.04032500088214874,6.484291076660156,0,1,0.9997699856758118,-0.018386000767350197,0.011002999730408192,0,0.01814199984073639,0.9995959997177124,0.021895000711083412,0,-0.011401000432670116,-0.021689999848604202,0.9997000098228455,0,0,7.823678016662598,0.08308099955320358,1,0.9999499917030334,0.009951000101864338,0.00025499999173916876,0,-0.009934999980032444,0.9961209893226624,0.0874359980225563,0,0.000615999975707382,-0.08743400126695633,0.9961699843406677,0,-0.05889600142836571,8.570366859436035,0,1,0.9998630285263062,0.016535000875592232,0.0010389999952167273,0,-0.016475999727845192,0.998956024646759,-0.042603999376297,0,-0.0017419999931007624,0.04258099943399429,0.9990919828414917,0,0.09868700057268143,5.791942119598389,0,1,-0.8533440232276917,-0.320933997631073,0.41085898876190186,0,0.5023319721221924,-0.7170450091362,0.48322799801826477,0,0.13952000439167023,0.6187480092048645,0.7731009721755981,0,13.961853981018066,-5.866764068603516,0.1643040031194687,1,0.9835280179977417,-0.11011700332164764,-0.1433430016040802,0,-0.03954099863767624,0.6427389979362488,-0.765064001083374,0,0.17637899518013,0.7581300139427185,0.6277980208396912,0,0,24.3056697845459,0,1,0.9158449769020081,-0.2688849866390228,-0.298209011554718,0,0.380605012178421,0.34470200538635254,0.8580909967422485,0,-0.12793399393558502,-0.8993780016899109,0.41803300380706787,0,0,17.98106575012207,0,1,0.9189789891242981,0.01679600030183792,-0.3939490020275116,0,0.2797499895095825,0.6763210296630859,0.6814180016517639,0,0.277880996465683,-0.7364159822463989,0.6168259978294373,0,0,14.638616561889648,0,1,-0.7276920080184937,0.4585129916667938,-0.5101280212402344,0,-0.6116250157356262,-0.7703909873962402,0.18003399670124054,0,-0.3104499876499176,0.443015992641449,0.8410459756851196,0,-13.961853981018066,-5.866764068603516,0.47316500544548035,1,0.9868890047073364,0.04251199960708618,0.15570299327373505,0,0.09178099781274796,0.6457210183143616,-0.7580369710922241,0,-0.132765993475914,0.7623890042304993,0.6333529949188232,0,0,24.301692962646484,0,1,0.872219979763031,0.34156298637390137,0.3500959873199463,0,-0.40846899151802063,0.11494699865579605,0.9055050015449524,0,0.26904499530792236,-0.9328029751777649,0.23977699875831604,0,0,18.005645751953125,0,1,0.9212409853935242,-0.00002099999983329326,0.3889920115470886,0,-0.28079700469970703,0.69200599193573,0.665041983127594,0,-0.2691980004310608,-0.7218919992446899,0.6374989748001099,0,0,14.53553295135498,0,1
K0.033,0.360056608915329,-0.0855698436498642,0.928997278213501,0,0.04941185191273689,0.9961358308792114,0.07260269671678543,0,-0.9316213726997375,0.019762784242630005,0.3628937602043152,0,3.793174982070923,49.47218704223633,-1.5318388938903809,1,0.9978640079498291,-0.026417287066578865,-0.05974563956260681,0,0.04034819081425667,0.9685180187225342,0.2456529140472412,0,0.051374584436416626,-0.24753890931606293,0.9675150513648987,0,0,10.525012969970703,-0.7856240272521973,1,0.996103048324585,0.012405955232679844,-0.08731932938098907,0,-0.003939029760658741,0.9953280687332153,0.0964755266904831,0,0.08810832351446152,-0.09575553238391876,0.9914980530738831,0,0,12.313343048095703,0,1,0.9960090517997742,0.01136096753180027,-0.08853133767843246,0,-0.002883041510358453,0.9954430460929871,0.0953095331788063,0,0.08921033143997192,-0.09467453509569168,0.9915030598640442,0,0,14.072396278381348,0,1,0.9992539286613464,0.037364423274993896,-0.009756774641573429,0,-0.0338541641831398,0.9691446423530579,0.24415504932403564,0,0.018578561022877693,-0.24364207684993744,0.9696866273880005,0,0,15.83143424987793,0,1,0.695365309715271,-0.1856030374765396,-0.6942756175994873,0,0.035784102976322174,0.9738182425498962,-0.22449365258216858,0,0.7177654504776001,0.13126018643379211,0.683800458908081,0,0,14.680304527282715,3.0676159858703613,1,0.06712274998426437,0.033217042684555054,-0.9971919655799866,0,0.8951702117919922,-0.44339731335639954,0.0454857274889946,0,-0.44064125418663025,-0.8957092761993408,-0.059496283531188965,0,8.183961868286133,13.256951332092285,-0.14518800377845764,1,0.7123727798461914,-0.14438413083553314,0.6867882609367371,0,-0.2298390418291092,0.8766415119171143,0.42269814014434814,0,-0.6630975604057312,-0.4589696526527405,0.5913103222846985,0,0,16.932416915893555,0,1,0.7879278659820557,0.6155441403388977,-0.01659507118165493,0,-0.6143971681594849,0.7876858711242676,0.04547591879963875,0,0.04106422886252403,-0.025636514648795128,0.9988279938697815,0,0,22.398244857788086,0,1,0.9951769113540649,-0.022929228842258453,-0.09538081288337708,0,0.018862217664718628,0.9988828897476196,-0.043322253972291946,0,0.09626789391040802,0.041314154863357544,0.9944980144500732,0,0,33.47169494628906,0,1,0.48658299446105957,0.6474490165710449,-0.586555004119873,0,-0.2507700026035309,0.7466520071029663,0.6161379814147949,0,0.836870014667511,-0.15271200239658356,0.5256689786911011,0,-4.7578630447387695,4.466963768005371,-0.000003999999989900971,1,0.9503970146179199,-0.31015199422836304,0.023475000634789467,0,0.3097760081291199,0.9506329894065857,0.018312999978661537,0,-0.0279959999024868,-0.01013300009071827,0.9995570182800293,0,-1.0412830114364624,5.116055011749268,0,1,0.8066409826278687,-0.5877249836921692,0.06252700090408325,0,0.5910109877586365,0.8031579852104187,-0.07512199878692627,0,-0.006068000104278326,0.09754999727010727,0.9952120184898376,0,0.18398000299930573,6.19973611831665,0,1,0.9907699823379517,0.135452002286911,0.005350000225007534,0,-0.0663359984755516,0.45004600286483765,0.8905379772186279,0,0.11821699887514114,-0.8826730251312256,0.45487698912620544,0,0,7.075955867767334,0.23825600743293762,1,0.9982650279998779,0.05000000074505806,0.03110799938440323,0,-0.03135300055146217,0.004116999916732311,0.9994999766349792,0,0.04984699934720993,-0.9987409710884094,0.005677000153809786,0,0.1452530026435852,8.270981788635254,0,1,0.9994879961013794,0.026494000107049942,0.01792299933731556,0,-0.03164299950003624,0.7370280027389526,0.675121009349823,0,0.004676999989897013,-0.6753429770469666,0.7374889850616455,0,-0.18368400633335114,6.899418830871582,0,1,0.07274351269006729,-0.02149294503033161,0.9971189498901367,0,-0.8833391666412354,-0.46556657552719116,0.0544075146317482,0,0.4630555808544159,-0.8847521543502808,-0.052852142602205276,0,-8.183961868286133,13.263925552368164,-0.23862800002098083,1,0.9424454569816589,0.07819514721632004,0.3250840902328491,0,-0.20765534043312073,0.8989124298095703,0.3857901990413666,0,-0.26205432415008545,-0.43109121918678284,0.8634152412414551,0,0,16.932416915893555,0,1,0.7874778509140015,-0.5450692772865295,-0.2877112627029419,0,0.5839213132858276,0.8091869354248047,0.06521011143922806,0,0.19726857542991638,-0.21935278177261353,0.9554948806762695,0,0,22.42294692993164,0,1,0.9641950130462646,-0.0666833147406578,-0.25667306780815125,0,0.024829961359500885,0.9863181114196777,-0.16297054290771484,0,0.26402899622917175,0.1507626324892044,0.9526590704917908,0,0,33.44632339477539,0,1,0.9188079833984375,-0.3944360017776489,-0.014580000191926956,0,0.34573400020599365,0.7864410281181335,0.5118380188941956,0,-0.190421000123024,-0.47532200813293457,0.8589580059051514,0,4.979205131530762,3.843290090560913,0,1,0.9532930254936218,0.29021400213241577,-0.0837159976363182,0,-0.2904999852180481,0.956833004951477,0.009014000184834003,0,0.08271799981594086,0.015727000311017036,0.9964489936828613,0,0.7765089869499207,4.971682071685791,0,1,0.898714005947113,-0.43832099437713623,-0.01370999962091446,0,0.43817898631095886,0.8988040089607239,-0.012260000221431255,0,0.017696000635623932,0.005011000204831362,0.9998310208320618,0,0.04032500088214874,6.484291076660156,0,1,0.999779999256134,-0.01782698556780815,0.011059001088142395,0,0.01762198656797409,0.9996770024299622,0.01831691525876522,0,-0.011381999589502811,-0.01811891607940197,0.999770998954773,0,0,7.823678016662598,0.08308099955320358,1,0.9999439716339111,0.01054101437330246,0.00026500021340325475,0,-0.010526013560593128,0.9964349865913391,0.0837039202451706,0,0.0006189999985508621,-0.08370191603899002,0.996491014957428,0,-0.05889600142836571,8.570366859436035,0,1,0.9998530149459839,0.017143014818429947,0.0009319974924437702,0,-0.017082015052437782,0.9987750053405762,-0.04643408581614494,0,-0.00172699976246804,0.04641108587384224,0.9989209771156311,0,0.09868700057268143,5.791942119598389,0,1,-0.733497142791748,-0.4771021902561188,0.4841030240058899,0,0.6709075570106506,-0.6223567128181458,0.40318068861961365,0,0.10892617702484131,0.6205201148986816,0.7765888571739197,0,13.961853981018066,-5.866764068603516,0.1643040031194687,1,0.9746078252792358,-0.19057200849056244,-0.11756348609924316,0,-0.004318321123719215,0.5089380741119385,-0.8607924580574036,0,0.22387568652629852,0.8394432663917542,0.49519217014312744,0,0,24.3056697845459,0,1,0.9268770813941956,-0.2303704470396042,-0.2963581681251526,0,0.35634496808052063,0.29189392924308777,0.8875900506973267,0,-0.11796848475933075,-0.9282931089401245,0.352641761302948,0,0,17.98106575012207,0,1,0.9186930060386658,0.017148004844784737,-0.3946009874343872,0,0.2797969877719879,0.676895022392273,0.6808279752731323,0,0.2787780165672302,-0.7358800172805786,0.6170610189437866,0,0,14.638616561889648,0,1,-0.8214709162712097,0.3046448528766632,-0.4820537865161896,0,-0.4633055627346039,-0.8493983745574951,0.25272485613822937,0,-0.33246421813964844,0.43094494938850403,0.8389003276824951,0,-13.961853981018066,-5.866764068603516,0.47316500544548035,1,0.9762549996376038,-0.049299247562885284,0.21094204485416412,0,0.18513911962509155,0.6954655647277832,-0.6942993998527527,0,-0.11247402429580688,0.7168664336204529,0.6880785226821899,0,0,24.301692962646484,0,1,0.8548219799995422,0.3533274829387665,0.38005155324935913,0,-0.4822472035884857,0.2704588770866394,0.8332399725914001,0,0.19161848723888397,-0.8955509662628174,0.4015848934650421,0,0,18.005645751953125,0,1,0.921286940574646,-0.015352217480540276,0.3885800540447235,0,-0.28024399280548096,0.6665617823600769,0.6907662153244019,0,-0.26961708068847656,-0.7452911734580994,0.6097927093505859,0,0,14.53553295135498,0,1
K0.067,0.2188704013824463,-0.17005616426467896,0.9608206748962402,0,0.13467815518379211,0.980536162853241,0.1428672969341278,0,-0.9664146304130554,0.09813221544027328,0.23751325905323029,0,6.3899712562561035,49.09029006958008,-1.8233411312103271,1,0.998199999332428,-0.05511271208524704,-0.023650359362363815,0,0.059159815311431885,0.9695960283279419,0.23745307326316833,0,0.00984441302716732,-0.2384250909090042,0.9711109399795532,0,0,10.525012969970703,-0.7856240272521973,1,0.9997609257698059,0.007925044745206833,-0.020357664674520493,0,-0.006919970270246267,0.9987759590148926,0.04897047206759453,0,0.020720669999718666,-0.0488174669444561,0.9985929131507874,0,0,12.313343048095703,0,1,0.9997269511222839,0.00808403268456459,-0.021899662911891937,0,-0.007013958878815174,0.9987989664077759,0.04848646745085716,0,0.022265665233135223,-0.048319462686777115,0.9985839128494263,0,0,14.072396278381348,0,1,0.9959890842437744,-0.02015642821788788,-0.08717823028564453,0,0.04945317283272743,0.9359733462333679,0.34857895970344543,0,0.0745704397559166,-0.35149192810058594,0.9332163333892822,0,0,15.83143424987793,0,1,0.8264666795730591,-0.08921495825052261,-0.5558713674545288,0,0.0461948961019516,0.9947808384895325,-0.09097432345151901,0,0.5610875487327576,0.04950881376862526,0.826274573802948,0,0,14.680304527282715,3.0676159858703613,1,0.1423332542181015,0.03721296042203903,-0.9891190528869629,0,0.9190607666969299,-0.3760026693344116,0.11810627579689026,0,-0.3675157129764557,-0.9258707165718079,-0.08771871775388718,0,8.183961868286133,13.256951332092285,-0.14518800377845764,1,0.6867812275886536,-0.1572398692369461,0.7096527814865112,0,-0.13385595381259918,0.9322634339332581,0.3361058533191681,0,-0.7144324779510498,-0.3258223235607147,0.6192137002944946,0,0,16.932416915893555,0,1,0.7759841084480286,0.626110851764679,0.07637807726860046,0,-0.6297268271446228,0.7759231328964233,0.03724208101630211,0,-0.035945236682891846,-0.07699648290872574,0.996383011341095,0,0,22.398244857788086,0,1,0.9863360524177551,-0.14577578008174896,-0.07674718648195267,0,0.1406317949295044,0.9876781105995178,-0.06865974515676498,0,0.08581110090017319,0.0569288432598114,0.9946839809417725,0,0,33.47169494628906,0,1,0.48658400774002075,0.6474490165710449,-0.586555004119873,0,-0.2507700026035309,0.7466520071029663,0.6161370277404785,0,0.836870014667511,-0.15271200239658356,0.5256689786911011,0,-4.7578630447387695,4.466963768005371,-0.000003999999989900971,1,0.9503970146179199,-0.31015199422836304,0.023475000634789467,0,0.30977699160575867,0.9506329894065857,0.018314000219106674,0,-0.0279959999024868,-0.01013300009071827,0.9995570182800293,0,-1.0412830114364624,5.116055011749268,0,1,0.8066409826278687,-0.5877249836921692,0.06252700090408325,0,0.5910099744796753,0.8031579852104187,-0.07512199878692627,0,-0.006068000104278326,0.09754999727010727,0.9952120184898376,0,0.18398000299930573,6.19973611831665,0,1,0.9907699823379517,0.135452002286911,0.005350000225007534,0,-0.0663359984755516,0.45004600286483765,0.8905379772186279,0,0.11821699887514114,-0.8826730251312256,0.45487698912620544,0,0,7.075955867767334,0.23825600743293762,1,0.9982650279998779,0.05000000074505806,0.03110799938440323,0,-0.03135300055146217,0.004116999916732311,0.9994999766349792,0,0.04984699934720993,-0.9987409710884094,0.005677000153809786,0,0.1452530026435852,8.270981788635254,0,1,0.9994879961013794,0.026494000107049942,0.01792299933731556,0,-0.03164299950003624,0.7370269894599915,0.6751220226287842,0,0.004676999989897013,-0.6753429770469666,0.7374889850616455,0,-0.18368400633335114,6.899418830871582,0,1,0.12418348342180252,-0.01583305560052395,0.9921330809593201,0,-0.8990338444709778,-0.42491841316223145,0.1057484969496727,0,0.41990143060684204,-0.9050928354263306,-0.06700285524129868,0,-8.183961868286133,13.263925552368164,-0.23862800002098083,1,0.7873835563659668,-0.306499183177948,0.5348679423332214,0,0.158305361866951,0.9390755891799927,0.3050838112831116,0,-0.5957886576652527,-0.15554474294185638,0.7879337668418884,0,0,16.932416915893555,0,1,0.8726641535758972,-0.3741787075996399,-0.31376272439956665,0,0.41598665714263916,0.9061610698699951,0.07633588463068008,0,0.2557564079761505,-0.19713722169399261,0.946428120136261,0,0,22.42294692993164,0,1,0.9645370244979858,0.0018953183898702264,-0.2639399468898773,0,0.02083303965628147,0.996307909488678,0.08328454941511154,0,0.2631230056285858,-0.08582964539527893,0.960936963558197,0,0,33.44632339477539,0,1,0.9188070297241211,-0.3944369852542877,-0.014581999741494656,0,0.34573599696159363,0.7864400148391724,0.511838972568512,0,-0.190420001745224,-0.47532299160957336,0.8589580059051514,0,4.979205131530762,3.843290090560913,0,1,0.9532930254936218,0.29021400213241577,-0.0837159976363182,0,-0.2904999852180481,0.956833004951477,0.009014000184834003,0,0.08271799981594086,0.0157260000705719,0.9964489936828613,0,0.7765089869499207,4.971682071685791,0,1,0.8986989855766296,-0.43835198879241943,-0.013705000281333923,0,0.43820899724960327,0.8987889885902405,-0.012268999591469765,0,0.017696000635623932,0.005020999815315008,0.9998310208320618,0,0.04032500088214874,6.484291076660156,0,1,0.9998030066490173,-0.016389014199376106,0.011196998879313469,0,0.016278013586997986,0.9998180270195007,0.009960083290934563,0,-0.011358000338077545,-0.009776082821190357,0.999888002872467,0,0,7.823678016662598,0.08308099955320358,1,0.9999279975891113,0.011969986371695995,0.0002859997912310064,0,-0.011957986280322075,0.9970759749412537,0.07547808438539505,0,0.0006189999985508621,-0.07547608017921448,0.9971470236778259,0,-0.05889600142836571,8.570366859436035,0,1,0.9998270273208618,0.018561985343694687,0.0006840024725534022,0,-0.018495984375476837,0.998320996761322,-0.05489691346883774,0,-0.0017020002705976367,0.05487491562962532,0.9984920024871826,0,0.09868700057268143,5.791942119598389,0,1,-0.5498088598251343,-0.5956727862358093,0.5855630040168762,0,0.8255694508552551,-0.49416327476501465,0.2724663019180298,0,0.1270628273487091,0.6332278847694397,0.763464093208313,0,13.961853981018066,-5.866764068603516,0.1643040031194687,1,0.9540681838989258,-0.29221898317337036,-0.06604551523923874,0,0.0635153278708458,0.41273394227027893,-0.9086345434188843,0,0.2927803099155426,0.8627037405967712,0.4123368263244629,0,0,24.3056697845459,0,1,0.9336139559745789,-0.17474155128002167,-0.31277886033058167,0,0.3521070182323456,0.2861330509185791,0.8911499381065369,0,-0.06622451543807983,-0.9421218633651733,0.32866623997688293,0,0,17.98106575012207,0,1,0.918159008026123,0.01777799427509308,-0.3958120048046112,0,0.27987799048423767,0.6780120134353638,0.6796820163726807,0,0.28044795989990234,-0.7348359823226929,0.6175469756126404,0,0,14.638616561889648,0,1,-0.9127970933914185,0.19025813043117523,-0.36139020323753357,0,-0.31909942626953125,-0.8845096230506897,0.34031912684440613,0,-0.25490477681159973,0.42596206068992615,0.8680896759033203,0,-13.961853981018066,-5.866764068603516,0.47316500544548035,1,0.9736620187759399,-0.07398975640535355,0.21565495431423187,0,0.19700588285923004,0.7491404414176941,-0.6324365735054016,0,-0.11476197838783264,0.6582655906677246,0.7439864873886108,0,0,24.301692962646484,0,1,0.8523010015487671,0.40138351917266846,0.3353724479675293,0,-0.5037857890129089,0.45753714442253113,0.7327060103416443,0,0.14065051078796387,-0.7934420108795166,0.5921710729598999,0,0,18.005645751953125,0,1,0.9181220531463623,-0.037170782685279846,0.39455094933509827,0,-0.28052398562431335,0.6422772407531738,0.7132917642593384,0,-0.2799248993396759,-0.765569806098938,0.5792623162269592,0,0,14.53553295135498,0,1
K0.100,0.05848700925707817,-0.19854000210762024,0.9783459901809692,0,0.1123730018734932,0.9751039743423462,0.19116400182247162,0,-0.9919430017471313,0.0987590029835701,0.07934100925922394,0,10.417461395263672,49.28030014038086,-1.572064995765686,1,0.9988279938697815,-0.04662699997425079,-0.012984001077711582,0,0.04834099858999252,0.9743589758872986,0.21974599361419678,0,0.00240500015206635,-0.2201160043478012,0.975471019744873,0,0,10.525012969970703,-0.7856240272521973,1,0.9994990229606628,0.03148400038480759,0.003379998728632927,0,-0.03150799870491028,0.9994770288467407,0.007337002083659172,0,-0.003146998817101121,-0.007440001703798771,0.9999669790267944,0,0,12.313343048095703,0,1,0.9995059967041016,0.03140699863433838,0.0011819989886134863,0,-0.031415000557899475,0.9994810223579407,0.007087002042680979,0,-0.0009589989786036313,-0.007120002061128616,0.9999740123748779,0,0,14.072396278381348,0,1,0.9735590219497681,-0.07510299980640411,-0.21573799848556519,0,0.10603199899196625,0.9850789904594421,0.13555900752544403,0,0.20233799517154694,-0.15485002100467682,0.9669960141181946,0,0,15.83143424987793,0,1,0.8754559755325317,-0.17408600449562073,-0.45085498690605164,0,0.17019300162792206,0.9841650128364563,-0.04953400045633316,0,0.4523389935493469,-0.03336699679493904,0.8912209868431091,0,0,14.680304527282715,3.0676159858703613,1,0.18019700050354004,0.04178199917078018,-0.9827430248260498,0,0.949072003364563,-0.2698880136013031,0.1625480055809021,0,-0.25843900442123413,-0.9619849920272827,-0.08828700333833694,0,8.183961868286133,13.256951332092285,-0.14518800377845764,1,0.6577500104904175,-0.13896100223064423,0.7403069734573364,0,-0.06169600412249565,0.9695940017700195,0.23681500554084778,0,-0.7507050037384033,-0.2014389932155609,0.6291769742965698,0,0,16.932416915893555,0,1,0.8578289747238159,0.48402300477027893,0.17277300357818604,0,-0.49050599336624146,0.8714179992675781,-0.005884998012334108,0,-0.15340599417686462,-0.07969799637794495,0.9849439859390259,0,0,22.398244857788086,0,1,0.9878849983215332,-0.13623100519180298,-0.0743200033903122,0,0.1284089982509613,0.9865170121192932,-0.10146500170230865,0,0.08714000135660172,0.09069299697875977,0.9920589923858643,0,0,33.47169494628906,0,1,0.48658299446105957,0.6474490165710449,-0.586555004119873,0,-0.2507700026035309,0.7466520071029663,0.6161379814147949,0,0.836870014667511,-0.15271200239658356,0.5256689786911011,0,-4.7578630447387695,4.466963768005371,-0.000003999999989900971,1,0.9503970146179199,-0.31015199422836304,0.023475000634789467,0,0.30977699160575867,0.9506329894065857,0.018312999978661537,0,-0.0279959999024868,-0.01013300009071827,0.9995570182800293,0,-1.0412830114364624,5.116055011749268,0,1,0.8066409826278687,-0.5877249836921692,0.06252600252628326,0,0.5910109877586365,0.8031579852104187,-0.07512199878692627,0,-0.006068000104278326,0.09754999727010727,0.9952120184898376,0,0.18398000299930573,6.19973611831665,0,1,0.9907690286636353,0.135452002286911,0.005350000225007534,0,-0.0663359984755516,0.45004600286483765,0.8905379772186279,0,0.11821699887514114,-0.8826730251312256,0.45487698912620544,0,0,7.075955867767334,0.23825600743293762,1,0.9982650279998779,0.05000000074505806,0.031108999624848366,0,-0.03135300055146217,0.004116999916732311,0.9994999766349792,0,0.04984699934720993,-0.9987409710884094,0.005677000153809786,0,0.1452530026435852,8.270981788635254,0,1,0.9994879961013794,0.026494000107049942,0.01792299933731556,0,-0.03164299950003624,0.7370269894599915,0.6751220226287842,0,0.004676999989897013,-0.6753429770469666,0.7374889850616455,0,-0.18368400633335114,6.899418830871582,0,1,0.22115500271320343,-0.01002500019967556,0.9751870036125183,0,-0.9180359840393066,-0.33956798911094666,0.20470300316810608,0,0.3290899991989136,-0.9405279755592346,-0.08430100232362747,0,-8.183961868286133,13.263925552368164,-0.23862800002098083,1,0.5333719849586487,-0.5443980097770691,0.6474140286445618,0,0.5375199913978577,0.8091070055961609,0.237526997923851,0,-0.6531360149383545,0.22130697965621948,0.7241799831390381,0,0,16.932416915893555,0,1,0.9341750144958496,-0.25528401136398315,-0.2492929995059967,0,0.2806600034236908,0.957135021686554,0.0715780034661293,0,0.220333993434906,-0.13683299720287323,0.9657790064811707,0,0,22.42294692993164,0,1,0.9664220213890076,-0.028662998229265213,-0.25535500049591064,0,0.04750100150704384,0.9965599775314331,0.06791000068187714,0,0.2525309920310974,-0.07775899767875671,0.9644590020179749,0,0,33.44632339477539,0,1,0.9187939763069153,-0.39446699619293213,-0.014600999653339386,0,0.34577199816703796,0.7864300012588501,0.5118290185928345,0,-0.19041700661182404,-0.47531500458717346,0.8589630126953125,0,4.979205131530762,3.843290090560913,0,1,0.9532939791679382,0.29020899534225464,-0.08371700346469879,0,-0.29049599170684814,0.9568340182304382,0.00901199970394373,0,0.08271799981594086,0.015728000551462173,0.9964489936828613,0,0.7765089869499207,4.971682071685791,0,1,0.8987230062484741,-0.43830201029777527,-0.013698000460863113,0,0.4381589889526367,0.8988140225410461,-0.012258999980986118,0,0.017684999853372574,0.005016000010073185,0.9998310208320618,0,0.04032500088214874,6.484291076660156,0,1,0.9998279809951782,-0.014649000018835068,0.01135099958628416,0,0.01464799977838993,0.9998930096626282,0.0001370004320051521,0,-0.01135099958628416,0.00002999956086569,0.9999359846115112,0,0,7.823678016662598,0.08308099955320358,1,0.9999060034751892,0.013713999651372433,0.0002629999944474548,0,-0.013701999559998512,0.9977440237998962,0.06572200357913971,0,0.0006389999762177467,-0.06571999937295914,0.997838020324707,0,-0.05889600142836571,8.570366859436035,0,1,0.9997940063476562,0.02028699964284897,0.0003659999929368496,0,-0.020221000537276268,0.9977059960365295,-0.06460700184106827,0,-0.0016759999562054873,0.06458599865436554,0.9979109764099121,0,0.09868700057268143,5.791942119598389,0,1,-0.45559200644493103,-0.6018080115318298,0.6559450030326843,0,0.8755069971084595,-0.4361959993839264,0.2078939974308014,0,0.16100800037384033,0.6689990162849426,0.7256150245666504,0,13.961853981018066,-5.866764068603516,0.1643040031194687,1,0.952023983001709,-0.3059209883213043,-0.007879002951085567,0,0.11321800202131271,0.37602099776268005,-0.9196680188179016,0,0.2843089997768402,0.8746539950370789,0.39261698722839355,0,0,24.3056697845459,0,1,0.9479939937591553,-0.14868000149726868,-0.28142601251602173,0,0.31508299708366394,0.3132309913635254,0.8958849906921387,0,-0.04504900053143501,-0.937965989112854,0.3437879979610443,0,0,17.98106575012207,0,1,0.9177640080451965,0.01824299991130829,-0.3967069983482361,0,0.27993500232696533,0.6788370013237,0.6788349747657776,0,0.2816829979419708,-0.7340630292892456,0.6179050207138062,0,0,14.638616561889648,0,1,-0.9681699872016907,0.16499699652194977,-0.18821001052856445,0,-0.2357189953327179,-0.8539159893989563,0.4639660120010376,0,-0.08416200429201126,0.4935620129108429,0.8656290173530579,0,-13.961853981018066,-5.866764068603516,0.47316500544548035,1,0.9829850196838379,-0.027976002544164658,0.1815429925918579,0,0.1659969985485077,0.5584689974784851,-0.8127470016479492,0,-0.07864899933338165,0.8290539979934692,0.5536100268363953,0,0,24.301692962646484,0,1,0.8372430205345154,0.4601069986820221,0.29550901055336,0,-0.48571300506591797,0.377469003200531,0.7884160280227661,0,0.2512100040912628,-0.8036289811134338,0.5395129919052124,0,0,18.005645751953125,0,1,0.9211660027503967,0.006637997925281525,0.38911399245262146,0,-0.28807398676872253,0.6838909983634949,0.6703029870986938,0,-0.26166200637817383,-0.7295539975166321,0.6318889856338501,0,0,14.53553295135498,0,1
