3.767,30,113,41
B0,mixamorig_Hips,-1,-0.006641868036240339,-0.01891595683991909,0.9997979402542114,0,-0.05093497782945633,0.9985290765762329,0.018552463501691818,0,-0.9986788630485535,-0.05080113559961319,-0.00759613374248147,0,2.687368869781494,51.43309783935547,-0.5523371696472168,1
B1,mixamorig_Spine,0,0.9896799325942993,-0.14112484455108643,0.024846037849783897,0,0.14036044478416443,0.9896391034126282,0.03021395392715931,0,-0.02885245904326439,-0.026414835825562477,0.9992344975471497,0,0,10.525012969970703,-0.7856240272521973,1
B2,mixamorig_Spine1,1,0.9998197555541992,-0.014245971105992794,0.012537184171378613,0,0.01376256812363863,0.9991883039474487,0.03785049542784691,0,-0.013066768646240234,-0.03767124190926552,0.999204158782959,0,0,12.313343048095703,0,1
B3,mixamorig_Spine2,2,0.9998207688331604,-0.0148623650893569,0.011724144220352173,0,0.014406891539692879,0.9991748332977295,0.037962496280670166,0,-0.012278657406568527,-0.037786707282066345,0.9992097020149231,0,0,14.072396278381348,0,1
B4,mixamorig_Neck,3,0.9907321929931641,0.09136754274368286,-0.10049457848072052,0,-0.10259825736284256,0.9882904291152954,-0.11293865740299225,0,0.08899949491024017,0.12220180034637451,0.9885061383247375,0,0,15.83143424987793,0,1
B5,mixamorig_Head,4,0.19478566944599152,-0.10894424468278885,-0.9747743606567383,0,0.13514932990074158,0.9873111844062805,-0.08333911746740341,0,0.9714894890785217,-0.11550622433423996,0.20703911781311035,0,0,14.680304527282715,3.0676159858703613,1
B6,mixamorig_HeadTop_End,5,1,0,0,0,0,1,0,0,0,0,1,0,0,52.596832275390625,10.990701675415039,1
B7,mixamorig_LeftShoulder,3,0.05801304802298546,0.0875963494181633,-0.9944629073143005,0,0.9956842064857483,-0.07730916142463684,0.05127430707216263,0,-0.07238878309726715,-0.9931504130363464,-0.09170672297477722,0,8.183961868286133,13.256951332092285,-0.14518800377845764,1
B8,mixamorig_LeftArm,7,0.735054075717926,0.08472878485918045,0.6726918816566467,0,0.11248087137937546,0.963169276714325,-0.2442275732755661,0,-0.6686118245124817,0.255186527967453,0.6984500885009766,0,0,16.932416915893555,0,1
B9,mixamorig_LeftForeArm,8,0.966650128364563,0.25598013401031494,-0.007420932408422232,0,-0.25586313009262085,0.9666099548339844,0.013901864178478718,0,0.010730615817010403,-0.01153894979506731,0.9998757839202881,0,0,22.398244857788086,0,1
B10,mixamorig_LeftHand,9,0.838462769985199,0.06288693845272064,0.5413176417350769,0,-0.015805892646312714,0.9957067370414734,-0.09119269996881485,0,-0.5447288751602173,0.06790586560964584,0.8358571529388428,0,0,33.47169494628906,0,1
B11,mixamorig_LeftHandThumb1,10,0.48658299446105957,0.6474490165710449,-0.586555004119873,0,-0.2507709860801697,0.7466520071029663,0.6161370277404785,0,0.836870014667511,-0.15271100401878357,0.5256694555282593,0,-4.7578630447387695,4.466963768005371,-0.000003999999989900971,1
B12,mixamorig_LeftHandThumb2,11,0.9503980278968811,-0.3101494610309601,0.023473000153899193,0,0.3097740113735199,0.9506340026855469,0.018314000219106674,0,-0.027993999421596527,-0.010134000331163406,0.9995570182800293,0,-1.0412830114364624,5.116055011749268,0,1
B13,mixamorig_LeftHandThumb3,12,0.8066409826278687,-0.5877249836921692,0.06252700090408325,0,0.5910099744796753,0.8031579852104187,-0.07512199878692627,0,-0.006068000104278326,0.09755053371191025,0.9952120184898376,0,0.18398000299930573,6.19973611831665,0,1
B14,mixamorig_LeftHandThumb4,13,1,0,0,0,0,1,0,0,0,0,1,0,0.8573030233383179,4.033854007720947,0,1
B15,mixamorig_LeftHandIndex1,10,0.9907690286636353,0.135452002286911,0.005350000225007534,0,-0.06633646041154861,0.45004498958587646,0.8905389904975891,0,0.11821799725294113,-0.882673442363739,0.45487600564956665,0,0,7.075955867767334,0.23825600743293762,1
B16,mixamorig_LeftHandIndex2,15,0.9982650279998779,0.05000000074505806,0.031108999624848366,0,-0.03135346621274948,0.0041160001419484615,0.9994999766349792,0,0.04984699934720993,-0.9987409710884094,0.005677000153809786,0,0.1452530026435852,8.270981788635254,0,1
B17,mixamorig_LeftHandIndex3,16,0.9994879961013794,0.026494000107049942,0.017921999096870422,0,-0.03164299950003624,0.7370269894599915,0.6751225590705872,0,0.00467800023034215,-0.6753439903259277,0.7374879717826843,0,-0.18368400633335114,6.899418830871582,0,1
B18,mixamorig_LeftHandIndex4,17,1,0,0,0,0,1,0,0,0,0,1,0,0.03843099996447563,4.820864200592041,0,1
B19,mixamorig_RightShoulder,3,0.03485427424311638,0.05096479505300522,0.9980908036231995,0,-0.9984654784202576,0.044560737907886505,0.03259771689772606,0,-0.042816050350666046,-0.9976959824562073,0.05244454741477966,0,-8.183961868286133,13.263925552368164,-0.23862800002098083,1
B20,mixamorig_RightArm,19,0.388420969247818,-0.8712681531906128,-0.2999962270259857,0,0.9088643193244934,0.4159143567085266,-0.03119131363928318,0,0.15195992588996887,-0.26054075360298157,0.9534182548522949,0,0,16.932416915893555,0,1
B21,mixamorig_RightForeArm,20,-0.6324140429496765,-0.7520806193351746,-0.18554389476776123,0,0.7492070198059082,-0.6547149419784546,0.10019074380397797,0,-0.19682970643043518,-0.07564889639616013,0.9775145649909973,0,0,22.42294692993164,0,1
B22,mixamorig_RightHand,21,0.5434409379959106,0.019657133147120476,-0.8392161130905151,0,-0.3687652349472046,0.9036861062049866,-0.2176290601491928,0,0.7541115283966064,0.4277423024177551,0.4983493685722351,0,0,33.44632339477539,0,1
B23,mixamorig_RightHandThumb1,22,0.8988885283470154,-0.41795045137405396,0.1315940022468567,0,0.35360947251319885,0.869271993637085,0.345437616109848,0,-0.2587665319442749,-0.2639770805835724,0.9291694760322571,0,4.979205131530762,3.843290090560913,0,1
B24,mixamorig_RightHandThumb2,23,0.7941219806671143,0.6071159839630127,-0.027945464476943016,0,-0.6067450046539307,0.7946130037307739,0.02120746299624443,0,0.03508146479725838,0.0001140000022132881,0.9993839859962463,0,0.7765089869499207,4.971682071685791,0,1
B25,mixamorig_RightHandThumb3,24,0.9205304384231567,-0.38986313343048096,-0.02510446310043335,0,0.3894781470298767,0.9208409190177917,-0.01894974708557129,0,0.030505070462822914,0.0076662832871079445,0.9995049834251404,0,0.04032500088214874,6.484291076660156,0,1
B26,mixamorig_RightHandThumb4,25,1,0,0,0,0,1,0,0,0,0,1,0,-0.8168330192565918,4.664699077606201,0,1
B27,mixamorig_RightHandIndex1,22,0.978738009929657,0.16698046028614044,0.11911600083112717,0,-0.19377300143241882,0.9431520104408264,0.27003100514411926,0,-0.06725399941205978,-0.2873710095882416,0.9554550051689148,0,0,7.823678016662598,0.08308099955320358,1
B28,mixamorig_RightHandIndex2,27,0.9990800023078918,-0.03745400160551071,-0.020896000787615776,0,0.01295199990272522,-0.20099100470542908,0.9795070290565491,0,-0.04088699817657471,-0.9788770079612732,-0.2003210037946701,0,-0.05889600142836571,8.570366859436035,0,1
B29,mixamorig_RightHandIndex3,28,0.9997590184211731,-0.002133999951183796,-0.021865462884306908,0,0.02025200054049492,0.47531846165657043,0.8795809745788574,0,0.008515999652445316,-0.8798109889030457,0.47524699568748474,0,0.09868700057268143,5.791942119598389,0,1
B30,mixamorig_RightHandIndex4,29,1,0,0,0,0,1,0,0,0,0,1,0,-0.03979099914431572,4.182465076446533,0,1
B31,mixamorig_LeftUpLeg,0,-0.6080417037010193,-0.4203791618347168,0.6734732389450073,0,0.5833171606063843,-0.8120027780532837,0.01979578658938408,0,0.5385404825210571,0.40488553047180176,0.7389457821846008,0,13.961853981018066,-5.866764068603516,0.1643040031194687,1
B32,mixamorig_LeftLeg,31,0.9700146317481995,-0.12674707174301147,-0.20737425982952118,0,-0.04458099976181984,0.7459853887557983,-0.6644676327705383,0,0.2389174997806549,0.6537877917289734,0.7179665565490723,0,0,24.3056697845459,0,1
B33,mixamorig_LeftFoot,32,0.9244810342788696,-0.33368486166000366,-0.1843602955341339,0,0.2770668566226959,0.2559281885623932,0.9261394739151001,0,-0.26185569167137146,-0.9072781801223755,0.329054057598114,0,0,17.98106575012207,0,1
B34,mixamorig_LeftToeBase,33,0.9189789891242981,0.01679600030183792,-0.3939490020275116,0,0.2797499895095825,0.6763210296630859,0.6814180016517639,0,0.277880996465683,-0.7364159822463989,0.6168259978294373,0,0,14.638616561889648,0,1
B35,mixamorig_LeftToe_End,34,1,0,0,0,0,1,0,0,0,0,1,0,0,5.677577018737793,0,1
B36,mixamorig_RightUpLeg,0,-0.8810375928878784,0.2788086533546448,-0.38214805722236633,0,-0.4437721073627472,-0.766912043094635,0.46358630061149597,0,-0.16382212936878204,0.5780234932899475,0.7994068264961243,0,-13.961853981018066,-5.866764068603516,0.47316500544548035,1
B37,mixamorig_RightLeg,36,0.9799619317054749,0.01620347984135151,0.1985255777835846,0,0.08341618627309799,0.871682345867157,-0.48290780186653137,0,-0.1808774769306183,0.4897916615009308,0.8528634309768677,0,0,24.301692962646484,0,1
B38,mixamorig_RightFoot,37,0.8310577273368835,0.35650938749313354,0.42690038681030273,0,-0.5561213493347168,0.5209028720855713,0.647598922252655,0,0.00850073341280222,-0.7756006121635437,0.6311627626419067,0,0,18.005645751953125,0,1
B39,mixamorig_RightToeBase,38,0.9212409853935242,-0.000019464583601802588,0.3889920115470886,0,-0.28079754114151,0.6920070052146912,0.6650410294532776,0,-0.2691980004310608,-0.7218909859657288,0.6374994516372681,0,0,14.53553295135498,0,1
B40,mixamorig_RightToe_End,39,1,0,0,0,0,1,0,0,0,0,1,0,0,5.66837215423584,0,1
@34,0,1,2,3,4,5,7,8,9,10,11,12,13,15,16,17,19,20,21,22,23,24,25,27,28,29,31,32,33,34,36,37,38,39
K0.000,-0.024958999827504158,-0.009139999747276306,0.9996470212936401,0,-0.043852999806404114,0.9990059733390808,0.008039000444114208,0,-0.9987260103225708,-0.043637000024318695,-0.025335000827908516,0,2.852299928665161,51.22999954223633,-0.5683140158653259,1,0.9895939826965332,-0.14191199839115143,0.023761000484228134,0,0.14135199785232544,0.9896730184555054,0.023793000727891922,0,-0.026892000809311867,-0.020186999812722206,0.9994339942932129,0,0,10.525012969970703,-0.7856240272521973,1,0.9997760057449341,-0.019852999597787857,0.007288000080734491,0,0.01947700046002865,0.9986330270767212,0.048514001071453094,0,-0.008240999653935432,-0.048360999673604965,0.9987959861755371,0,0,12.313343048095703,0,1,0.999779999256134,-0.01992800086736679,0.006508000195026398,0,0.019588999450206757,0.9986259937286377,0.04860899969935417,0,-0.007468000054359436,-0.04847100004553795,0.9987969994544983,0,0,14.072396278381348,0,1,0.9910809993743896,0.06768400222063065,-0.11478900164365768,0,-0.08255399763584137,0.9880489706993103,-0.130172997713089,0,0.1046070009469986,0.13848799467086792,0.984824001789093,0,0,15.83143424987793,0,1,0.2033270001411438,-0.10348699986934662,-0.973626971244812,0,0.09789200127124786,0.9915649890899658,-0.0849509984254837,0,0.9742050170898438,-0.07803799957036972,0.21174199879169464,0,0,14.680304527282715,3.0676159858703613,1,0.038120999932289124,0.09401000291109085,-0.9948409795761108,0,0.9964820146560669,-0.07794100046157837,0.030818000435829163,0,-0.07464200258255005,-0.9925159811973572,-0.09665100276470184,0,8.183961868286133,13.256951332092285,-0.14518800377845764,1,0.737978994846344,0.10895299911499023,0.6659700274467468,0,0.08490899950265884,0.964044988155365,-0.2518079876899719,0,-0.6694599986076355,0.24237500131130219,0.7021949887275696,0,0,16.932416915893555,0,1,0.974714994430542,0.2234099954366684,0.004296999890357256,0,-0.2234490066766739,0.9744340181350708,0.02343600057065487,0,0.0010489999549463391,-0.02380399964749813,0.9997159838676453,0,0,22.398244857788086,0,1,0.8380489945411682,0.06096399948000908,0.5421779751777649,0,-0.02686999924480915,0.9971439838409424,-0.07058800011873245,0,-0.5449320077896118,0.04458799958229065,0.8372939825057983,0,0,33.47169494628906,0,1,0.48658299446105957,0.6474490165710449,-0.586555004119873,0,-0.2507709860801697,0.7466520071029663,0.6161370277404785,0,0.836870014667511,-0.15271100401878357,0.5256699919700623,0,-4.7578630447387695,4.466963768005371,-0.000003999999989900971,1,0.9503980278968811,-0.31014999747276306,0.023473000153899193,0,0.3097740113735199,0.9506340026855469,0.018314000219106674,0,-0.027993999421596527,-0.010134000331163406,0.9995570182800293,0,-1.0412830114364624,5.116055011749268,0,1,0.8066409826278687,-0.5877249836921692,0.06252700090408325,0,0.5910099744796753,0.8031579852104187,-0.07512199878692627,0,-0.006068000104278326,0.09755100309848785,0.9952120184898376,0,0.18398000299930573,6.19973611831665,0,1,0.9907690286636353,0.135453000664711,0.005350000225007534,0,-0.0663359984755516,0.45004498958587646,0.8905389904975891,0,0.11821799725294113,-0.8826730251312256,0.45487600564956665,0,0,7.075955867767334,0.23825600743293762,1,0.9982650279998779,0.05000000074505806,0.031108999624848366,0,-0.03135300055146217,0.0041160001419484615,0.9994999766349792,0,0.04984699934720993,-0.9987409710884094,0.005677000153809786,0,0.1452530026435852,8.270981788635254,0,1,0.9994879961013794,0.026494000107049942,0.017921999096870422,0,-0.03164299950003624,0.7370269894599915,0.6751229763031006,0,0.00467800023034215,-0.6753439903259277,0.7374879717826843,0,-0.18368400633335114,6.899418830871582,0,1,0.027619000524282455,0.048514001071453094,0.9984409809112549,0,-0.9996119737625122,0.00483600003644824,0.027417000383138657,0,-0.0034990001004189253,-0.9988110065460205,0.048629000782966614,0,-8.183961868286133,13.263925552368164,-0.23862800002098083,1,0.3633449971675873,-0.8914120197296143,-0.2708599865436554,0,0.9245690107345581,0.3807950019836426,-0.01295000035315752,0,0.11468599736690521,-0.24572399258613586,0.9625309705734253,0,0,16.932416915893555,0,1,-0.6333069801330566,-0.7575430274009705,-0.158270001411438,0,0.7549769878387451,-0.6497120261192322,0.0887880027294159,0,-0.17009100317955017,-0.06325999647378922,0.9833959937095642,0,0,22.42294692993164,0,1,0.5421109795570374,0.07151699811220169,-0.837257981300354,0,-0.38854900002479553,0.9047939777374268,-0.17429299652576447,0,0.7450810074806213,0.4198020100593567,0.5182870030403137,0,0,33.44632339477539,0,1,0.8988890051841736,-0.41795000433921814,0.1315940022468567,0,0.35360801219940186,0.869271993637085,0.34543898701667786,0,-0.2587670087814331,-0.2639780044555664,0.9291689991950989,0,4.979205131530762,3.843290090560913,0,1,0.7941200137138367,0.6071180105209351,-0.027946000918745995,0,-0.6067469716072083,0.7946119904518127,0.02120799943804741,0,0.035082001239061356,0.0001140000022132881,0.9993839859962463,0,0.7765089869499207,4.971682071685791,0,1,0.9205269813537598,-0.3898729979991913,-0.025103000923991203,0,0.38948699831962585,0.9208369851112366,-0.018957000225782394,0,0.03050599992275238,0.007672999985516071,0.9995049834251404,0,0.04032500088214874,6.484291076660156,0,1,0.978738009929657,0.16697999835014343,0.11911600083112717,0,-0.19377300143241882,0.9431509971618652,0.27003300189971924,0,-0.06725399941205978,-0.28737398982048035,0.9554550051689148,0,0,7.823678016662598,0.08308099955320358,1,0.9990800023078918,-0.03745400160551071,-0.020896000787615776,0,0.01295199990272522,-0.2009900063276291,0.9795079827308655,0,-0.04088599979877472,-0.9788770079612732,-0.20032000541687012,0,-0.05889600142836571,8.570366859436035,0,1,0.9997590184211731,-0.002133999951183796,-0.021865999326109886,0,0.02025200054049492,0.4753200113773346,0.879580020904541,0,0.008515999652445316,-0.8798109889030457,0.4752480089664459,0,0.09868700057268143,5.791942119598389,0,1,-0.6098300218582153,-0.4226030111312866,0.6704580187797546,0,0.5730800032615662,-0.8194860219955444,0.004720000084489584,0,0.547435998916626,0.38710498809814453,0.7419319748878479,0,13.961853981018066,-5.866764068603516,0.1643040031194687,1,0.9727979898452759,-0.12038499861955643,-0.19791799783706665,0,-0.04422299936413765,0.742143988609314,-0.6687790155410767,0,0.22739499807357788,0.6593400239944458,0.7166330218315125,0,0,24.3056697845459,0,1,0.9225500226020813,-0.337924987077713,-0.18629999458789825,0,0.2779409885406494,0.2470169961452484,0.9282950162887573,0,-0.2676750123500824,-0.908178985118866,0.32180899381637573,0,0,17.98106575012207,0,1,0.9189789891242981,0.01679600030183792,-0.3939490020275116,0,0.2797499895095825,0.6763210296630859,0.6814180016517639,0,0.277880996465683,-0.7364159822463989,0.6168259978294373,0,0,14.638616561889648,0,1,-0.8804910182952881,0.2804679870605469,-0.38219600915908813,0,-0.44985100626945496,-0.7486760020256042,0.48694801330566406,0,-0.14956800639629364,0.6006839871406555,0.7853710055351257,0,-13.961853981018066,-5.866764068603516,0.47316500544548035,1,0.9759500026702881,0.03001900017261505,0.21591900289058685,0,0.0873899981379509,0.8535270094871521,-0.5136680006980896,0,-0.19971199333667755,0.5201830267906189,0.8303760290145874,0,0,24.301692962646484,0,1,0.833549976348877,0.34748199582099915,0.4294770061969757,0,-0.5524269938468933,0.5182899832725525,0.6528400182723999,0,0.0042570000514388084,-0.7814300060272217,0.6239789724349976,0,0,18.005645751953125,0,1,0.9212409853935242,-0.000018999999156221747,0.3889929950237274,0,-0.2807979881763458,0.69200599193573,0.6650410294532776,0,-0.2691980004310608,-0.7218909859657288,0.6374989748001099,0,0,14.53553295135498,0,1
K0.033,-0.021384965628385544,-0.008212991990149021,0.9997379779815674,0,-0.04284299537539482,0.999055027961731,0.0072909933514893055,0,-0.9988530278205872,-0.04267599806189537,-0.02171596698462963,0,2.8385026454925537,51.224220275878906,-0.564073920249939,1,0.9896529912948608,-0.14149099588394165,0.023819001391530037,0,0.1409509927034378,0.989749014377594,0.023004991933703423,0,-0.026830000802874565,-0.019408993422985077,0.9994519948959351,0,0,10.525012969970703,-0.7856240272521973,1,0.9997749924659729,-0.01983099989593029,0.007578002754598856,0,0.019439000636339188,0.9986259937286377,0.0486690029501915,0,-0.008533002808690071,-0.04851100221276283,0.9987859725952148,0,0,12.313343048095703,0,1,0.9997789859771729,-0.019905999302864075,0.0067940023727715015,0,0.019550999626517296,0.998619019985199,0.04876500368118286,0,-0.007755002938210964,-0.0486220046877861,0.998786985874176,0,0,14.072396278381348,0,1,0.991320013999939,0.06744297593832016,-0.11285500228404999,0,-0.08182697743177414,0.9883790016174316,-0.1281059980392456,0,0.10290300846099854,0.1362289935350418,0.9853190183639526,0,0,15.83143424987793,0,1,0.20459701120853424,-0.10451003164052963,-0.9732509851455688,0,0.09912697970867157,0.9913849830627441,-0.08561903238296509,0,0.9738140106201172,-0.07895796746015549,0.21319401264190674,0,0,14.680304527282715,3.0676159858703613,1,0.04137901961803436,0.09608801454305649,-0.9945120215415955,0,0.9967880249023438,-0.07227695733308792,0.03449002280831337,0,-0.06856595724821091,-0.9927449822425842,-0.09877001494169235,0,8.183961868286133,13.256951332092285,-0.14518800377845764,1,0.7375069856643677,0.1031709685921669,0.6674119830131531,0,0.08470998704433441,0.966323971748352,-0.24298493564128876,0,-0.6700059771537781,0.23573994636535645,0.7039309740066528,0,0,16.932416915893555,0,1,0.9752190113067627,0.22124294936656952,0.0003309725143481046,0,-0.22119395434856415,0.9749670028686523,0.022618986666202545,0,0.004682022612541914,-0.02213198132812977,0.9997439980506897,0,0,22.398244857788086,0,1,0.8383920192718506,0.06434601545333862,0.5412560105323792,0,-0.029267018660902977,0.9968889951705933,-0.07317899912595749,0,-0.544281005859375,0.045511990785598755,0.8376669883728027,0,0,33.47169494628906,0,1,0.48658299446105957,0.6474490165710449,-0.586555004119873,0,-0.2507709860801697,0.7466520071029663,0.6161370277404785,0,0.836870014667511,-0.15271100401878357,0.5256689786911011,0,-4.7578630447387695,4.466963768005371,-0.000003999999989900971,1,0.9503980278968811,-0.31014901399612427,0.023473000153899193,0,0.3097740113735199,0.9506340026855469,0.018314000219106674,0,-0.027993999421596527,-0.010134000331163406,0.9995570182800293,0,-1.0412830114364624,5.116055011749268,0,1,0.8066409826278687,-0.5877249836921692,0.06252700090408325,0,0.5910099744796753,0.8031579852104187,-0.07512199878692627,0,-0.006068999879062176,0.09755100309848785,0.9952120184898376,0,0.18398000299930573,6.19973611831665,0,1,0.9907690286636353,0.135452002286911,0.005350000225007534,0,-0.06633699685335159,0.45004498958587646,0.8905389904975891,0,0.11821799725294113,-0.882673978805542,0.45487600564956665,0,0,7.075955867767334,0.23825600743293762,1,0.9982650279998779,0.05000000074505806,0.031108999624848366,0,-0.03135300055146217,0.004116999916732311,0.9994999766349792,0,0.04984699934720993,-0.9987409710884094,0.005677000153809786,0,0.1452530026435852,8.270981788635254,0,1,0.9994879961013794,0.026494000107049942,0.017921999096870422,0,-0.03164299950003624,0.7370269894599915,0.6751229763031006,0,0.00467800023034215,-0.6753439903259277,0.7374879717826843,0,-0.18368400633335114,6.899418830871582,0,1,0.028132028877735138,0.048635970801115036,0.998420000076294,0,-0.9995930194854736,0.006172143388539553,0.02786402218043804,0,-0.00480714300647378,-0.9987980127334595,0.04878997430205345,0,-8.183961868286133,13.263925552368164,-0.23862800002098083,1,0.36379504203796387,-0.8907349109649658,-0.2724781334400177,0,0.9243040084838867,0.3814390301704407,-0.012859961949288845,0,0.11538901925086975,-0.24717411398887634,0.96207594871521,0,0,16.932416915893555,0,1,-0.6324999928474426,-0.7578880190849304,-0.15984098613262177,0,0.755312979221344,-0.6492260098457336,0.0894940048456192,0,-0.17159900069236755,-0.06412497907876968,0.9830780029296875,0,0,22.42294692993164,0,1,0.541159987449646,0.07285201549530029,-0.8377580046653748,0,-0.3902280330657959,0.9042350053787231,-0.17343999445438385,0,0.7448949813842773,0.42077603936195374,0.5177649855613708,0,0,33.44632339477539,0,1,0.8988869786262512,-0.4179539978504181,0.1315930038690567,0,0.3536129891872406,0.8692709803581238,0.3454369902610779,0,-0.2587670087814331,-0.26397600769996643,0.9291700124740601,0,4.979205131530762,3.843290090560913,0,1,0.7941210269927979,0.6071169972419739,-0.027946000918745995,0,-0.6067460179328918,0.7946130037307739,0.02120799943804741,0,0.03508099913597107,0.0001140000022132881,0.9993839859962463,0,0.7765089869499207,4.971682071685791,0,1,0.9205350279808044,-0.38985300064086914,-0.025104999542236328,0,0.3894670009613037,0.9208449721336365,-0.018945999443531036,0,0.030503999441862106,0.007662999909371138,0.9995049834251404,0,0.04032500088214874,6.484291076660156,0,1,0.9787390232086182,0.16697999835014343,0.11911600083112717,0,-0.19377200305461884,0.9431509971618652,0.27003300189971924,0,-0.06725399941205978,-0.28737300634384155,0.9554550051689148,0,0,7.823678016662598,0.08308099955320358,1,0.9990800023078918,-0.03745400160551071,-0.020896000787615776,0,0.01295199990272522,-0.20099100470542908,0.9795079827308655,0,-0.04088599979877472,-0.9788770079612732,-0.2003210037946701,0,-0.05889600142836571,8.570366859436035,0,1,0.9997590184211731,-0.0021349999587982893,-0.021865999326109886,0,0.02025200054049492,0.4753200113773346,0.879580020904541,0,0.008515999652445316,-0.8798099756240845,0.4752480089664459,0,0.09868700057268143,5.791942119598389,0,1,-0.6102570295333862,-0.4216650128364563,0.6706609725952148,0,0.5731009840965271,-0.8194609880447388,0.006265017203986645,0,0.5469380021095276,0.3881790041923523,0.7417380213737488,0,13.961853981018066,-5.866764068603516,0.1643040031194687,1,0.9720199704170227,-0.12274402379989624,-0.2002750188112259,0,-0.04427099972963333,0.7416020035743713,-0.6693779826164246,0,0.23068703711032867,0.6595159769058228,0.7154179811477661,0,0,24.3056697845459,0,1,0.9233360290527344,-0.3359839618206024,-0.185916006565094,0,0.27713000774383545,0.2479270100593567,0.9282950162887573,0,-0.265798956155777,-0.9086509943008423,0.3220309913158417,0,0,17.98106575012207,0,1,0.9189779758453369,0.01679600030183792,-0.3939499855041504,0,0.2797510027885437,0.6763210296630859,0.6814169883728027,0,0.277880996465683,-0.7364159822463989,0.6168259978294373,0,0,14.638616561889648,0,1,-0.8792679905891418,0.28340503573417664,-0.3828440010547638,0,-0.45241403579711914,-0.7483500242233276,0.48507097363471985,0,-0.14902999997138977,0.599711000919342,0.7862169742584229,0,-13.961853981018066,-5.866764068603516,0.47316500544548035,1,0.9762930274009705,0.029757997021079063,0.21439598500728607,0,0.0878089964389801,0.8508880138397217,-0.5179570317268372,0,-0.19783999025821686,0.5245040655136108,0.8281030058860779,0,0,24.301692962646484,0,1,0.8335250020027161,0.34657299518585205,0.4302609860897064,0,-0.552452027797699,0.5147099494934082,0.6556450128555298,0,0.005769014358520508,-0.7841950058937073,0.6204879879951477,0,0,18.005645751953125,0,1,0.9212409853935242,-0.00001900001007015817,0.3889929950237274,0,-0.2807979881763458,0.6920070052146912,0.6650410294532776,0,-0.2691980004310608,-0.7218909859657288,0.6374989748001099,0,0,14.53553295135498,0,1
K0.067,-0.01808503270149231,-0.007395008113235235,0.9998090267181396,0,-0.04231700301170349,0.9990820288658142,0.006624006666243076,0,-0.9989410042762756,-0.04218900203704834,-0.018381033092737198,0,2.8249032497406006,51.22279357910156,-0.5606640577316284,1,0.989654004573822,-0.1414649933576584,0.023912997916340828,0,0.14094500243663788,0.9897680282592773,0.02222100831568241,0,-0.026812000200152397,-0.018621006980538368,0.9994670152664185,0,0,10.525012969970703,-0.7856240272521973,1,0.9997730255126953,-0.01981000043451786,0.007838997058570385,0,0.019401999190449715,0.9986060261726379,0.04907899722456932,0,-0.00879999715834856,-0.04891599714756012,0.9987639784812927,0,0,12.313343048095703,0,1,0.9997770190238953,-0.019886000081896782,0.0070459977723658085,0,0.019516000524163246,0.9986000061035156,0.049174997955560684,0,-0.008013997226953506,-0.0490259975194931,0.9987649917602539,0,0,14.072396278381348,0,1,0.9914109706878662,0.0655050203204155,-0.11320000141859055,0,-0.07992301881313324,0.9885590076446533,-0.127921000123024,0,0.10352499037981033,0.13586899638175964,0.9853029847145081,0,0,15.83143424987793,0,1,0.20548997819423676,-0.1071779727935791,-0.972773015499115,0,0.09706102311611176,0.9913169741630554,-0.08871696889400482,0,0.9738339781761169,-0.07618702948093414,0.21410898864269257,0,0,14.680304527282715,3.0676159858703613,1,0.043357983231544495,0.09789298474788666,-0.9942520260810852,0,0.996999979019165,-0.06811704486608505,0.03677097707986832,0,-0.06412504613399506,-0.9928629994392395,-0.1005529835820198,0,8.183961868286133,13.256951332092285,-0.14518800377845764,1,0.7366529703140259,0.10002502799034119,0.6688330173492432,0,0.08351601660251617,0.9679750204086304,-0.23674705624580383,0,-0.6710940003395081,0.23025906085968018,0.7047079801559448,0,0,16.932416915893555,0,1,0.9761840105056763,0.2169320434331894,-0.002413972746580839,0,-0.21683403849601746,0.9759770035743713,0.021252013742923737,0,0.006965977139770985,-0.020222019404172897,0.999770998954773,0,0,22.398244857788086,0,1,0.8386390209197998,0.06604698300361633,0.5406680107116699,0,-0.031110981479287148,0.9968090057373047,-0.07351099699735641,0,-0.54379802942276,0.044828008860349655,0.838018000125885,0,0,33.47169494628906,0,1,0.48658299446105957,0.6474490165710449,-0.586555004119873,0,-0.2507709860801697,0.7466520071029663,0.6161370277404785,0,0.836870014667511,-0.15271100401878357,0.5256689786911011,0,-4.7578630447387695,4.466963768005371,-0.000003999999989900971,1,0.9503980278968811,-0.31014999747276306,0.023473000153899193,0,0.3097740113735199,0.9506340026855469,0.018314000219106674,0,-0.027993999421596527,-0.010134000331163406,0.9995570182800293,0,-1.0412830114364624,5.116055011749268,0,1,0.8066409826278687,-0.5877249836921692,0.06252700090408325,0,0.5910109877586365,0.8031579852104187,-0.07512199878692627,0,-0.006068000104278326,0.09755100309848785,0.9952120184898376,0,0.18398000299930573,6.19973611831665,0,1,0.9907690286636353,0.135452002286911,0.005350000225007534,0,-0.0663359984755516,0.45004498958587646,0.8905389904975891,0,0.11821799725294113,-0.8826730251312256,0.45487600564956665,0,0,7.075955867767334,0.23825600743293762,1,0.9982650279998779,0.05000000074505806,0.031108999624848366,0,-0.03135300055146217,0.0041160001419484615,0.9994999766349792,0,0.04984699934720993,-0.9987409710884094,0.005677000153809786,0,0.1452530026435852,8.270981788635254,0,1,0.9994879961013794,0.026494000107049942,0.017921999096870422,0,-0.03164299950003624,0.7370269894599915,0.6751229763031006,0,0.00467800023034215,-0.6753439903259277,0.7374879717826843,0,-0.18368400633335114,6.899418830871582,0,1,0.031088970601558685,0.04561002925038338,0.9984750151634216,0,-0.999334990978241,0.02048385888338089,0.030179977416992188,0,-0.01907585933804512,-0.9987490177154541,0.046216025948524475,0,-8.183961868286133,13.263925552368164,-0.23862800002098083,1,0.3667829632759094,-0.885826051235199,-0.28422388434410095,0,0.9228609800338745,0.3850259780883789,-0.009065037593245506,0,0.11746397614479065,-0.2589738667011261,0.9587150812149048,0,0,16.932416915893555,0,1,-0.6344469785690308,-0.7565990090370178,-0.15822601318359375,0,0.7538179755210876,-0.6509090065956116,0.08986899256706238,0,-0.17098499834537506,-0.062256019562482834,0.9833049774169922,0,0,22.42294692993164,0,1,0.5403159856796265,0.07410398870706558,-0.8381929993629456,0,-0.39333897829055786,0.9028289914131165,-0.17373600602149963,0,0.7438700199127197,0.42356598377227783,0.5169609785079956,0,0,33.44632339477539,0,1,0.8988879919052124,-0.4179520010948181,0.1315940022468567,0,0.3536109924316406,0.8692709803581238,0.3454369902610779,0,-0.2587670087814331,-0.26397600769996643,0.9291700124740601,0,4.979205131530762,3.843290090560913,0,1,0.7941219806671143,0.6071159839630127,-0.027946000918745995,0,-0.6067450046539307,0.7946130037307739,0.02120799943804741,0,0.035082001239061356,0.0001140000022132881,0.9993839859962463,0,0.7765089869499207,4.971682071685791,0,1,0.9205319881439209,-0.38985899090766907,-0.02510399930179119,0,0.3894740045070648,0.9208430051803589,-0.018946999683976173,0,0.030503999441862106,0.007664000149816275,0.9995049834251404,0,0.04032500088214874,6.484291076660156,0,1,0.978738009929657,0.16697999835014343,0.11911600083112717,0,-0.19377300143241882,0.9431520104408264,0.27003198862075806,0,-0.06725399941205978,-0.28737199306488037,0.9554550051689148,0,0,7.823678016662598,0.08308099955320358,1,0.9990800023078918,-0.03745400160551071,-0.020896000787615776,0,0.01295199990272522,-0.2009900063276291,0.9795079827308655,0,-0.04088599979877472,-0.9788770079612732,-0.20032000541687012,0,-0.05889600142836571,8.570366859436035,0,1,0.9997590184211731,-0.002133999951183796,-0.021865999326109886,0,0.02025200054049492,0.4753189980983734,0.8795809745788574,0,0.008515999652445316,-0.8798109889030457,0.47524699568748474,0,0.09868700057268143,5.791942119598389,0,1,-0.61073899269104,-0.4205099940299988,0.6709460020065308,0,0.5730190277099609,-0.8195030093193054,0.007982983253896236,0,0.5464860200881958,0.38934001326560974,0.7414630055427551,0,13.961853981018066,-5.866764068603516,0.1643040031194687,1,0.9713199734687805,-0.1247439756989479,-0.20242498815059662,0,-0.044335998594760895,0.7413809895515442,-0.6696180105209351,0,0.23360496759414673,0.65938800573349,0.7145879864692688,0,0,24.3056697845459,0,1,0.9240270256996155,-0.3342900276184082,-0.18554000556468964,0,0.2764579951763153,0.24898798763751984,0.928210973739624,0,-0.2640940248966217,-0.90898597240448,0.3224889934062958,0,0,17.98106575012207,0,1,0.9189789891242981,0.01679600030183792,-0.3939490020275116,0,0.2797499895095825,0.6763210296630859,0.6814180016517639,0,0.27788200974464417,-0.7364159822463989,0.6168259978294373,0,0,14.638616561889648,0,1,-0.8781999945640564,0.2859809696674347,-0.3833790123462677,0,-0.45463797450065613,-0.7480829954147339,0.48340103030204773,0,-0.14855599403381348,0.5988209843635559,0.7869840264320374,0,-13.961853981018066,-5.866764068603516,0.47316500544548035,1,0.9766349792480469,0.029368003830313683,0.21289101243019104,0,0.08810500055551529,0.8488270044326782,-0.5212769508361816,0,-0.19601601362228394,0.5278539657592773,0.8264070153236389,0,0,24.301692962646484,0,1,0.8335070013999939,0.3459570109844208,0.4307889938354492,0,-0.5524610280990601,0.5116560459136963,0.6580229997634888,0,0.007231985684484243,-0.7864620089530945,0.6175969839096069,0,0,18.005645751953125,0,1,0.9212409853935242,-0.000019999990399810486,0.3889929950237274,0,-0.2807979881763458,0.6920070052146912,0.6650410294532776,0,-0.269199013710022,-0.7218909859657288,0.6374989748001099,0,0,14.53553295135498,0,1
K0.100,-0.015238000079989433,-0.00710600009188056,0.9998589754104614,0,-0.04224799945950508,0.9990860223770142,0.0064559997990727425,0,-0.9989910125732422,-0.042142998427152634,-0.015525000169873238,0,2.8106799125671387,51.22300338745117,-0.5587199926376343,1,0.989637017250061,-0.14156100153923035,0.02405400015413761,0,0.14106200635433197,0.9897710084915161,0.021324999630451202,0,-0.026827000081539154,-0.01771100051701069,0.9994829893112183,0,0,10.525012969970703,-0.7856240272521973,1,0.999770998954773,-0.019788000732660294,0.00813599955290556,0,0.019363999366760254,0.9985979795455933,0.04925600066781044,0,-0.009100000374019146,-0.04908699914813042,0.998753011226654,0,0,12.313343048095703,0,1,0.9997739791870117,-0.01996600069105625,0.007340999785810709,0,0.019579999148845673,0.9985899925231934,0.04935099929571152,0,-0.008314999751746655,-0.04919600114226341,0.9987549781799316,0,0,14.072396278381348,0,1,0.9914100170135498,0.06616800278425217,-0.11281699687242508,0,-0.08039800077676773,0.9886839985847473,-0.12664799392223358,0,0.10316000133752823,0.1346309930086136,0.9855110049247742,0,0,15.83143424987793,0,1,0.205253005027771,-0.11102200299501419,-0.9723920226097107,0,0.09649799764156342,0.9909999966621399,-0.09277799725532532,0,0.9739400148391724,-0.07479099929332733,0.21411900222301483,0,0,14.680304527282715,3.0676159858703613,1,0.04298900067806244,0.0985340029001236,-0.9942049980163574,0,0.997065007686615,-0.06733399629592896,0.03643900156021118,0,-0.06335300207138062,-0.9928529858589172,-0.10113900154829025,0,8.183961868286133,13.256951332092285,-0.14518800377845764,1,0.7364019751548767,0.10312999784946442,0.6686369776725769,0,0.07884799689054489,0.9684950113296509,-0.23621900379657745,0,-0.6719329953193665,0.22667300701141357,0.705070972442627,0,0,16.932416915893555,0,1,0.9777160286903381,0.20988400280475616,-0.0045010000467300415,0,-0.20975999534130096,0.9775559902191162,0.01961600035429001,0,0.008516999892890453,-0.01823499985039234,0.999796986579895,0,0,22.398244857788086,0,1,0.8387960195541382,0.06747700273990631,0.5402479767799377,0,-0.0331990011036396,0.9967830181121826,-0.07295200228691101,0,-0.5434330105781555,0.0432559996843338,0.8383370041847229,0,0,33.47169494628906,0,1,0.48658299446105957,0.6474490165710449,-0.586555004119873,0,-0.2507709860801697,0.7466520071029663,0.6161370277404785,0,0.836870014667511,-0.15271100401878357,0.5256689786911011,0,-4.7578630447387695,4.466963768005371,-0.000003999999989900971,1,0.9503980278968811,-0.31014901399612427,0.023473000153899193,0,0.3097740113735199,0.9506340026855469,0.018314000219106674,0,-0.027993999421596527,-0.010134000331163406,0.9995570182800293,0,-1.0412830114364624,5.116055011749268,0,1,0.8066409826278687,-0.5877249836921692,0.06252700090408325,0,0.5910099744796753,0.8031579852104187,-0.07512199878692627,0,-0.006068000104278326,0.09755100309848785,0.9952120184898376,0,0.18398000299930573,6.19973611831665,0,1,0.9907690286636353,0.135452002286911,0.005350000225007534,0,-0.0663359984755516,0.45004498958587646,0.8905389904975891,0,0.11821799725294113,-0.882673978805542,0.45487600564956665,0,0,7.075955867767334,0.23825600743293762,1,0.9982650279998779,0.05000000074505806,0.031108999624848366,0,-0.03135300055146217,0.004116999916732311,0.9994999766349792,0,0.04984699934720993,-0.9987409710884094,0.005677000153809786,0,0.1452530026435852,8.270981788635254,0,1,0.9994879961013794,0.026494000107049942,0.017921999096870422,0,-0.03164299950003624,0.7370269894599915,0.6751229763031006,0,0.00467800023034215,-0.6753439903259277,0.7374879717826843,0,-0.18368400633335114,6.899418830871582,0,1,0.029843999072909355,0.04802900180220604,0.9983999729156494,0,-0.9994980096817017,0.01206700038164854,0.02929599955677986,0,-0.010641000233590603,-0.9987729787826538,0.04836500063538551,0,-8.183961868286133,13.263925552368164,-0.23862800002098083,1,0.3658069968223572,-0.8879950046539307,-0.2786569893360138,0,0.9233189821243286,0.3838709890842438,-0.011194000020623207,0,0.11690899729728699,-0.25319400429725647,0.9603250026702881,0,0,16.932416915893555,0,1,-0.6343110203742981,-0.7562040090560913,-0.16063599288463593,0,0.7534710168838501,-0.6512309908866882,0.09044300019741058,0,-0.17300499975681305,-0.0636650025844574,0.9828609824180603,0,0,22.42294692993164,0,1,0.5391629934310913,0.07620900124311447,-0.8387470245361328,0,-0.39552998542785645,0.9021499752998352,-0.17228400707244873,0,0.7435449957847595,0.4246389865875244,0.5165489912033081,0,0,33.44632339477539,0,1,0.8988879919052124,-0.4179520010948181,0.1315940022468567,0,0.3536109924316406,0.869271993637085,0.3454360067844391,0,-0.2587659955024719,-0.26397600769996643,0.9291700124740601,0,4.979205131530762,3.843290090560913,0,1,0.7941219806671143,0.6071159839630127,-0.027945000678300858,0,-0.6067450046539307,0.7946130037307739,0.02120799943804741,0,0.03508099913597107,0.0001140000022132881,0.9993839859962463,0,0.7765089869499207,4.971682071685791,0,1,0.9205319881439209,-0.38986000418663025,-0.025104999542236328,0,0.3894749879837036,0.9208419919013977,-0.018945999443531036,0,0.030503999441862106,0.007662999909371138,0.9995049834251404,0,0.04032500088214874,6.484291076660156,0,1,0.978738009929657,0.16698099672794342,0.11911600083112717,0,-0.19377300143241882,0.9431520104408264,0.2700299918651581,0,-0.06725399941205978,-0.2873699963092804,0.955456018447876,0,0,7.823678016662598,0.08308099955320358,1,0.9990800023078918,-0.03745400160551071,-0.020896000787615776,0,0.01295199990272522,-0.2009900063276291,0.9795079827308655,0,-0.04088699817657471,-0.9788770079612732,-0.20032000541687012,0,-0.05889600142836571,8.570366859436035,0,1,0.9997590184211731,-0.002133999951183796,-0.02186499908566475,0,0.020251000300049782,0.4753180146217346,0.8795809745788574,0,0.008515999652445316,-0.8798109889030457,0.47524601221084595,0,0.09868700057268143,5.791942119598389,0,1,-0.6110219955444336,-0.419609010219574,0.6712530255317688,0,0.573415994644165,-0.8192049860954285,0.009867999702692032,0,0.545753002166748,0.3909359872341156,0.7411630153656006,0,13.961853981018066,-5.866764068603516,0.1643040031194687,1,0.9707409739494324,-0.12644000351428986,-0.20414400100708008,0,-0.044404998421669006,0.7409610152244568,-0.6700789928436279,0,0.23598800599575043,0.6595379710197449,0.7136660218238831,0,0,24.3056697845459,0,1,0.9245749711990356,-0.33292898535728455,-0.1852560043334961,0,0.27590200304985046,0.2497279942035675,0.9281780123710632,0,-0.26275399327278137,-0.9092820286750793,0.32274800539016724,0,0,17.98106575012207,0,1,0.9189779758453369,0.01679600030183792,-0.3939499855041504,0,0.2797510027885437,0.6763210296630859,0.6814169883728027,0,0.277880996465683,-0.7364159822463989,0.6168259978294373,0,0,14.638616561889648,0,1,-0.8774949908256531,0.28773200511932373,-0.3836820125579834,0,-0.4560459852218628,-0.7481870055198669,0.4819110035896301,0,-0.14840500056743622,0.5978509783744812,0.7877500057220459,0,-13.961853981018066,-5.866764068603516,0.47316500544548035,1,0.9769830107688904,0.02875800058245659,0.21136799454689026,0,0.08827699720859528,0.8475350141525269,-0.523347020149231,0,-0.1941930055618286,0.5299599766731262,0.8254879713058472,0,0,24.301692962646484,0,1,0.833450973033905,0.34564799070358276,0.4311470091342926,0,-0.552528977394104,0.5092989802360535,0.6597920060157776,0,0.008472999557852745,-0.7881249785423279,0.6154559850692749,0,0,18.005645751953125,0,1,0.9212409853935242,-0.000019999999494757503,0.3889920115470886,0,-0.28079700469970703,0.6920070052146912,0.6650410294532776,0,-0.2691980004310608,-0.7218909859657288,0.6374989748001099,0,0,14.53553295135498,0,1
