3.100,30,92,41
B0,mixamorig_Hips,-1,0.985264778137207,0.10829564183950424,-0.13238254189491272,0,-0.13332298398017883,0.0014537195675075054,-0.991071879863739,0,-0.10713657736778259,0.9941176176071167,0.01587039791047573,0,14.926346778869629,7.577156066894531,-63.05528259277344,1
B1,mixamorig_Spine,0,0.9931952357292175,0.11508449912071228,-0.01773424819111824,0,-0.11139776557683945,0.9834413528442383,0.14293456077575684,0,0.03389108180999756,-0.1399858444929123,0.9895697236061096,0,0,10.525012969970703,-0.7856240272521973,1
B2,mixamorig_Spine1,1,0.9918246865272522,0.12664614617824554,-0.01538383960723877,0,-0.1269129514694214,0.991746187210083,-0.017983274534344673,0,0.012982825748622417,0.01979236491024494,0.9997177720069885,0,0,12.313343048095703,0,1
B3,mixamorig_Spine2,2,0.9919043779373169,0.12582556903362274,-0.016912497580051422,0,-0.1260892003774643,0.9918906688690186,-0.015681518241763115,0,0.01480555534362793,0.017690537497401237,0.999731719493866,0,0,14.072396278381348,0,1
B4,mixamorig_Neck,3,0.9708245992660522,-0.018725790083408356,-0.23896096646785736,0,-0.00739298015832901,0.9941086173057556,-0.10795675218105316,0,0.23957572877407074,0.10655836760997772,0.9650056958198547,0,0,15.83143424987793,0,1
B5,mixamorig_Head,4,0.9022622108459473,-0.2964490056037903,-0.31310445070266724,0,0.1453429013490677,0.8927602171897888,-0.42644357681274414,0,0.4059463143348694,0.3392576575279236,0.8485901951789856,0,0,14.680304527282715,3.0676159858703613,1
B6,mixamorig_HeadTop_End,5,1,0,0,0,0,1,0,0,0,0,1,0,0,52.596832275390625,10.990701675415039,1
B7,mixamorig_LeftShoulder,3,-0.009253358468413353,-0.0040387543849647045,-0.9999490976333618,0,0.9719473123550415,-0.23505480587482452,-0.008045806549489498,0,-0.23501014709472656,-0.9719719290733337,0.006100188475102186,0,8.183961868286133,13.256951332092285,-0.14518800377845764,1
B8,mixamorig_LeftArm,7,0.022945748642086983,0.0337410569190979,0.9991490244865417,0,0.38301193714141846,0.9228565096855164,-0.039967525750398636,0,-0.9234440326690674,0.38362565636634827,0.008235441520810127,0,0,16.932416915893555,0,1
B9,mixamorig_LeftForeArm,8,0.6010670065879822,0.7986953258514404,0.028358707204461098,0,-0.7986636757850647,0.5989897847175598,0.05785264074802399,0,0.029220236465334892,-0.05742255598306656,0.9979221820831299,0,0,22.398244857788086,0,1
B10,mixamorig_LeftHand,9,0.9662977457046509,0.19592668116092682,0.1663987636566162,0,-0.1751197874546051,0.9751467108726501,-0.13282951712608337,0,-0.18804527819156647,0.09917783737182617,0.9767370223999023,0,0,33.47169494628906,0,1
B11,mixamorig_LeftHandThumb1,10,0.4865836501121521,0.6474480032920837,-0.5865553617477417,0,-0.25076934695243835,0.7466530203819275,0.6161370277404785,0,0.836870014667511,-0.15271227061748505,0.5256689786911011,0,-4.7578630447387695,4.466963768005371,-0.000003999999989900971,1
B12,mixamorig_LeftHandThumb2,11,0.9503980278968811,-0.31014999747276306,0.02347363531589508,0,0.30977463722229004,0.9506340026855469,0.018313365057110786,0,-0.027994634583592415,-0.010133365169167519,0.9995570182800293,0,-1.0412830114364624,5.116055011749268,0,1
B13,mixamorig_LeftHandThumb3,12,0.8066416382789612,-0.5877243280410767,0.06252636760473251,0,0.5910093784332275,0.8031589984893799,-0.07512199878692627,0,-0.006068000104278326,0.09754999727010727,0.9952120184898376,0,0.18398000299930573,6.19973611831665,0,1
B14,mixamorig_LeftHandThumb4,13,1,0,0,0,0,1,0,0,0,0,1,0,0.8573030233383179,4.033854007720947,0,1
B15,mixamorig_LeftHandIndex1,10,0.9907699823379517,0.13545100390911102,0.0053519997745752335,0,-0.06633699685335159,0.4500466287136078,0.8905379772186279,0,0.11821536719799042,-0.8826730251312256,0.4548780024051666,0,0,7.075955867767334,0.23825600743293762,1
B16,mixamorig_LeftHandIndex2,15,0.9982650279998779,0.04999899864196777,0.03110663592815399,0,-0.03135163336992264,0.004116999916732311,0.9994999766349792,0,0.04984600096940994,-0.9987409710884094,0.005677364766597748,0,0.1452530026435852,8.270981788635254,0,1
B17,mixamorig_LeftHandIndex3,16,0.9994879961013794,0.026494000107049942,0.01792299933731556,0,-0.03164299950003624,0.7370269894599915,0.6751220226287842,0,0.004676999989897013,-0.6753439903259277,0.7374879717826843,0,-0.18368400633335114,6.899418830871582,0,1
B18,mixamorig_LeftHandIndex4,17,1,0,0,0,0,1,0,0,0,0,1,0,0.03843099996447563,4.820864200592041,0,1
B19,mixamorig_RightShoulder,3,0.016731219366192818,0.023556610569357872,0.9995483160018921,0,-0.9946301579475403,-0.10153849422931671,0.019056959077715874,0,0.10191112756729126,-0.9945337772369385,0.021746128797531128,0,-8.183961868286133,13.263925552368164,-0.23862800002098083,1
B20,mixamorig_RightArm,19,0.1986958235502243,0.21801181137561798,-0.9554767608642578,0,-0.21776330471038818,0.9603540897369385,0.1738951951265335,0,0.9555051922798157,0.1735268235206604,0.23831015825271606,0,0,16.932416915893555,0,1
B21,mixamorig_RightForeArm,20,0.7227074503898621,-0.6907433867454529,-0.02341771312057972,0,0.6906908750534058,0.72060227394104,0.06048061326146126,0,-0.02490340545773506,-0.059884656220674515,0.9978944659233093,0,0,22.42294692993164,0,1
B22,mixamorig_RightHand,21,0.9693183302879333,-0.10018836706876755,-0.22444696724414825,0,0.04336961358785629,0.9685413241386414,-0.24503397941589355,0,0.2419368177652359,0.22778698801994324,0.9431737661361694,0,0,33.44632339477539,0,1
B23,mixamorig_RightHandThumb1,22,0.8844046592712402,-0.45475777983665466,0.10496276617050171,0,0.3818055987358093,0.8343095183372498,0.3976747691631317,0,-0.268414169549942,-0.3116297125816345,0.9115011096000671,0,4.979205131530762,3.843290090560913,0,1
B24,mixamorig_RightHandThumb2,23,0.9925508499145508,0.08982539176940918,-0.08222173899412155,0,-0.09040168672800064,0.9958929419517517,-0.003311207052320242,0,0.08158803731203079,0.0107200276106596,0.9966088533401489,0,0.7765089869499207,4.971682071685791,0,1
B25,mixamorig_RightHandThumb3,24,0.9976934194564819,-0.06540831923484802,-0.018146956339478493,0,0.06449487060308456,0.9968094229698181,-0.04701630026102066,0,0.021164823323488235,0.04573745280504227,0.9987293481826782,0,0.04032500088214874,6.484291076660156,0,1
B26,mixamorig_RightHandThumb4,25,1,0,0,0,0,1,0,0,0,0,1,0,-0.8168330192565918,4.664699077606201,0,1
B27,mixamorig_RightHandIndex1,22,0.9990333318710327,-0.04315844923257828,0.008341910317540169,0,0.04159310460090637,0.9895033836364746,0.13830354809761047,0,-0.014222442172467709,-0.13782291114330292,0.9903420805931091,0,0,7.823678016662598,0.08308099955320358,1
B28,mixamorig_RightHandIndex2,27,0.9999903440475464,-0.0027926303446292877,0.003344177035614848,0,0.0009947462240234017,0.8936288356781006,0.44880321621894836,0,-0.00424140365794301,-0.4487955868244171,0.8936231732368469,0,-0.05889600142836571,8.570366859436035,0,1
B29,mixamorig_RightHandIndex3,28,0.9999690055847168,0.006277292501181364,-0.00472615472972393,0,-0.004045856185257435,0.9269692897796631,0.3751147389411926,0,0.006735613569617271,-0.3750841021537781,0.9269662499427795,0,0.09868700057268143,5.791942119598389,0,1
B30,mixamorig_RightHandIndex4,29,1,0,0,0,0,1,0,0,0,0,1,0,-0.03979099914431572,4.182465076446533,0,1
B31,mixamorig_LeftUpLeg,0,-0.8547157049179077,-0.13202022016048431,0.5020067095756531,0,0.3013325035572052,-0.9136746525764465,0.27274298667907715,0,0.42265844345092773,0.3843948245048523,0.8207157850265503,0,13.961853981018066,-5.866764068603516,0.1643040031194687,1
B32,mixamorig_LeftLeg,31,0.8818820118904114,-0.0873962864279747,-0.46311792731285095,0,-0.196015402674675,0.8256363868713379,-0.529058039188385,0,0.4286041259765625,0.55734783411026,0.7109809517860413,0,0,24.3056697845459,0,1
B33,mixamorig_LeftFoot,32,0.993583619594574,-0.09680323302745819,0.05685121566057205,0,0.06405533850193024,0.9049359560012817,0.42067864537239075,0,-0.09216490387916565,-0.41437631845474243,0.9053220152854919,0,0,17.98106575012207,0,1
B34,mixamorig_LeftToeBase,33,0.9255021214485168,-0.05183805152773857,-0.3751695454120636,0,0.28282150626182556,0.7534465789794922,0.5935612916946411,0,0.2519063651561737,-0.6554478406906128,0.7119778990745544,0,0,14.638616561889648,0,1
B35,mixamorig_LeftToe_End,34,1,0,0,0,0,1,0,0,0,0,1,0,0,5.677577018737793,0,1
B36,mixamorig_RightUpLeg,0,-0.669723391532898,0.14771823585033417,-0.7277693748474121,0,-0.6692790985107422,-0.5446998476982117,0.5053354501724243,0,-0.32176947593688965,0.825515627861023,0.46366310119628906,0,-13.961853981018066,-5.866764068603516,0.47316500544548035,1
B37,mixamorig_RightLeg,36,0.9436463713645935,-0.07090169936418533,0.3230637013912201,0,0.3072561025619507,0.5493547916412354,-0.7770379185676575,0,-0.12238391488790512,0.8325046896934509,0.5401979684829712,0,0,24.301692962646484,0,1
B38,mixamorig_RightFoot,37,0.6745156645774841,-0.42692315578460693,0.6021919250488281,0,-0.010054345242679119,0.8104168772697449,0.5856574773788452,0,-0.7380459904670715,-0.4011799693107605,0.5423687696456909,0,0,18.005645751953125,0,1
B39,mixamorig_RightToeBase,38,0.921288013458252,0.00033363536931574345,0.388881653547287,0,-0.2808196544647217,0.6923369765281677,0.6646873354911804,0,-0.269015371799469,-0.7215740084648132,0.6379356384277344,0,0,14.53553295135498,0,1
B40,mixamorig_RightToe_End,39,1,0,0,0,0,1,0,0,0,0,1,0,0,5.66837215423584,0,1
@34,0,1,2,3,4,5,7,8,9,10,11,12,13,15,16,17,19,20,21,22,23,24,25,27,28,29,31,32,33,34,36,37,38,39
K0.000,0.46982601284980774,0.03096799924969673,0.8822159767150879,0,-0.08406200259923935,0.9964119791984558,0.009790999814867973,0,-0.8787479996681213,-0.07876099646091461,0.47074300050735474,0,1.009861946105957,49.650123596191406,-1.0335279703140259,1,0.9971749782562256,-0.0741880014538765,-0.011753999628126621,0,0.07507599890232086,0.979449987411499,0.18719500303268433,0,-0.0023759999312460423,-0.18754899501800537,0.9822520017623901,0,0,10.525012969970703,-0.7856240272521973,1,0.9987549781799316,-0.046358998864889145,-0.0184090007096529,0,0.047995999455451965,0.9936630129814148,0.10163599997758865,0,0.01358100026845932,-0.1023930013179779,0.9946510195732117,0,0,12.313343048095703,0,1,0.9986940026283264,-0.04704799875617027,-0.01990099996328354,0,0.0488319993019104,0.9936379790306091,0.10148099809885025,0,0.014999999664723873,-0.10232000052928925,0.9946380257606506,0,0,14.072396278381348,0,1,0.9975469708442688,0.06562700122594833,-0.024372000247240067,0,-0.06533399969339371,0.9977830052375793,0.012645999900996685,0,0.025148000568151474,-0.011021999642252922,0.9996230006217957,0,0,15.83143424987793,0,1,0.5754449963569641,-0.23989300429821014,-0.7818660140037537,0,-0.024212000891566277,0.9505959749221802,-0.30948400497436523,0,0.8174819946289062,0.19702200591564178,0.5412070155143738,0,0,14.680304527282715,3.0676159858703613,1,0.023945000022649765,0.036726001650094986,-0.9990379810333252,0,0.87642902135849,-0.48152101039886475,0.0033050000201910734,0,-0.4809359908103943,-0.875665009021759,-0.043717000633478165,0,8.183961868286133,13.256951332092285,-0.14518800377845764,1,0.6833419799804688,-0.2979919910430908,0.6665170192718506,0,-0.0431939996778965,0.8948140144348145,0.44434499740600586,0,-0.7288190126419067,-0.3324289917945862,0.59859299659729,0,0,16.932416915893555,0,1,0.6863219738006592,0.7269219756126404,0.023382000625133514,0,-0.7268440127372742,0.6844050288200378,0.05733000114560127,0,0.025671999901533127,-0.056341998279094696,0.9980810284614563,0,0,22.398244857788086,0,1,0.994234025478363,0.0008900000248104334,-0.10722800344228745,0,-0.00520800007507205,0.9991859793663025,-0.03999499976634979,0,0.10710500180721283,0.04032300040125847,0.9934300184249878,0,0,33.47169494628906,0,1,0.48658400774002075,0.6474480032920837,-0.5865560173988342,0,-0.2507689893245697,0.7466530203819275,0.6161360144615173,0,0.836870014667511,-0.15271200239658356,0.5256689786911011,0,-4.7578630447387695,4.466963768005371,-0.000003999999989900971,1,0.9503980278968811,-0.31014901399612427,0.023473000153899193,0,0.3097740113735199,0.9506340026855469,0.018312999978661537,0,-0.027993999421596527,-0.01013300009071827,0.9995570182800293,0,-1.0412830114364624,5.116055011749268,0,1,0.8066419959068298,-0.587723970413208,0.06252600252628326,0,0.5910099744796753,0.8031589984893799,-0.07512299716472626,0,-0.006066999863833189,0.09755100309848785,0.9952120184898376,0,0.18398000299930573,6.19973611831665,0,1,0.9907699823379517,0.13545100390911102,0.0053519997745752335,0,-0.06633800268173218,0.45004600286483765,0.8905379772186279,0,0.11821500211954117,-0.8826730251312256,0.4548780024051666,0,0,7.075955867767334,0.23825600743293762,1,0.9982650279998779,0.04999899864196777,0.031106000766158104,0,-0.0313510000705719,0.004116999916732311,0.9994999766349792,0,0.04984600096940994,-0.9987409710884094,0.005677000153809786,0,0.1452530026435852,8.270981788635254,0,1,0.9994879961013794,0.026494000107049942,0.01792299933731556,0,-0.03164299950003624,0.7370269894599915,0.6751220226287842,0,0.004676999989897013,-0.6753439903259277,0.7374879717826843,0,-0.18368400633335114,6.899418830871582,0,1,0.08755099773406982,-0.015293000265955925,0.9960430264472961,0,-0.8996149897575378,-0.43063101172447205,0.07246299833059311,0,0.4278180003166199,-0.9023990035057068,-0.05146000161767006,0,-8.183961868286133,13.263925552368164,-0.23862800002098083,1,0.965362012386322,0.2450219988822937,0.08967199921607971,0,-0.25174298882484436,0.7843559980392456,0.5669310092926025,0,0.06857600063085556,-0.5698680281639099,0.8188700079917908,0,0,16.932416915893555,0,1,0.7550320029258728,-0.5666390061378479,-0.3299199938774109,0,0.6292039752006531,0.7676950097084045,0.12143299728631973,0,0.18446899950504303,-0.2992730140686035,0.936165988445282,0,0,22.42294692993164,0,1,0.9645509719848633,-0.12973499298095703,-0.22980299592018127,0,0.0401340015232563,0.9327989816665649,-0.3581550121307373,0,0.2608259916305542,0.33623600006103516,0.9049389958381653,0,0,33.44632339477539,0,1,0.9188119769096375,-0.39442598819732666,-0.014574999921023846,0,0.3457230031490326,0.7864440083503723,0.5118409991264343,0,-0.190421000123024,-0.47532498836517334,0.858955979347229,0,4.979205131530762,3.843290090560913,0,1,0.9532909989356995,0.2902210056781769,-0.08371499925851822,0,-0.2905069887638092,0.9568300247192383,0.009012999944388866,0,0.08271700143814087,0.015727000311017036,0.9964489936828613,0,0.7765089869499207,4.971682071685791,0,1,0.8986690044403076,-0.4384140074253082,-0.013704000040888786,0,0.4382700026035309,0.8987590074539185,-0.012275000102818012,0,0.017697999253869057,0.005026000086218119,0.9998310208320618,0,0.04032500088214874,6.484291076660156,0,1,0.9997720122337341,-0.018366999924182892,0.010862999595701694,0,0.018124999478459358,0.9995959997177124,0.021894000470638275,0,-0.01126100029796362,-0.021692000329494476,0.9997010231018066,0,0,7.823678016662598,0.08308099955320358,1,0.9999499917030334,0.009955000132322311,0.00023200000578071922,0,-0.009937000460922718,0.9961199760437012,0.08743699640035629,0,0.0006399999838322401,-0.08743499964475632,0.9961699843406677,0,-0.05889600142836571,8.570366859436035,0,1,0.9998630285263062,0.01653599925339222,0.0010550000006332994,0,-0.016475999727845192,0.998956024646759,-0.04260300099849701,0,-0.0017579999985173345,0.042580001056194305,0.9990919828414917,0,0.09868700057268143,5.791942119598389,0,1,-0.8533520102500916,-0.3209640085697174,0.41081899404525757,0,0.5023300051689148,-0.7170500159263611,0.48322299122810364,0,0.13947999477386475,0.6187260150909424,0.7731249928474426,0,13.961853981018066,-5.866764068603516,0.1643040031194687,1,0.9835529923439026,-0.11003399640321732,-0.14323699474334717,0,-0.03951200097799301,0.6427419781684875,-0.7650629878044128,0,0.1762470006942749,0.7581400275230408,0.6278219819068909,0,0,24.3056697845459,0,1,0.915814995765686,-0.26889199018478394,-0.2982960045337677,0,0.3806900084018707,0.3446969985961914,0.8580560088157654,0,-0.12790299952030182,-0.8993780016899109,0.41804298758506775,0,0,17.98106575012207,0,1,0.9189789891242981,0.016798000782728195,-0.3939490020275116,0,0.2797490060329437,0.6763210296630859,0.6814180016517639,0,0.27788200974464417,-0.7364159822463989,0.6168249845504761,0,0,14.638616561889648,0,1,-0.7276780009269714,0.45854300260543823,-0.5101199746131897,0,-0.6116489768028259,-0.7703750133514404,0.18002299964427948,0,-0.3104349970817566,0.4430130124092102,0.8410519957542419,0,-13.961853981018066,-5.866764068603516,0.47316500544548035,1,0.9868959784507751,0.04255999997258186,0.1556439995765686,0,0.09170500189065933,0.6457239985466003,-0.7580440044403076,0,-0.132764995098114,0.7623839974403381,0.6333600282669067,0,0,24.301692962646484,0,1,0.8722289800643921,0.34152600169181824,0.3501090109348297,0,-0.4084799885749817,0.11497200280427933,0.9054970145225525,0,0.26899799704551697,-0.9328140020370483,0.2397879958152771,0,0,18.005645751953125,0,1,0.9212369918823242,-0.000011000000085914508,0.3890019953250885,0,-0.28081101179122925,0.6920040249824524,0.665037989616394,0,-0.2691980004310608,-0.7218940258026123,0.6374959945678711,0,0,14.53553295135498,0,1
K0.033,0.4781203866004944,0.023201866075396538,0.8779877424240112,0,-0.042478740215301514,0.9990919232368469,-0.003270584624260664,0,-0.8772667646408081,-0.035732612013816833,0.4786713719367981,0,0.5880162715911865,49.29891586303711,-1.0024685859680176,1,0.9975200295448303,-0.06921090185642242,-0.01278300303965807,0,0.0702459067106247,0.9677518606185913,0.24191147089004517,0,-0.004372004419565201,-0.24220947921276093,0.9702138900756836,0,0,10.525012969970703,-0.7856240272521973,1,0.9988909959793091,-0.043731942772865295,-0.017465978860855103,0,0.04540593922138214,0.9927800297737122,0.11102708429098129,0,0.012483983300626278,-0.11169708520174026,0.993664026260376,0,0,12.313343048095703,0,1,0.9988449811935425,-0.04437094181776047,-0.01844196952879429,0,0.04614394158124924,0.9927949905395508,0.11058007925748825,0,0.013402973301708698,-0.11130407452583313,0.9936959743499756,0,0,14.072396278381348,0,1,0.9975590109825134,0.0674450471997261,-0.018114851787686348,0,-0.06617503613233566,0.995793879032135,0.06336313486099243,0,0.02231193520128727,-0.06201013922691345,0.9978258609771729,0,0,15.83143424987793,0,1,0.6207220554351807,-0.2535552978515625,-0.7418981790542603,0,-0.07386551052331924,0.923141360282898,-0.37729912996292114,0,0.7805430293083191,0.2889983654022217,0.5542853474617004,0,0,14.680304527282715,3.0676159858703613,1,0.0723729208111763,0.028070911765098572,-0.9969828724861145,0,0.8887631893157959,-0.45544344186782837,0.05169391632080078,0,-0.4526173770427704,-0.889822244644165,-0.0579102523624897,0,8.183961868286133,13.256951332092285,-0.14518800377845764,1,0.7398700714111328,-0.29376909136772156,0.6052203178405762,0,-0.015651218593120575,0.8918617963790894,0.4520362913608551,0,-0.6725675463676453,-0.34392136335372925,0.6552640199661255,0,0,16.932416915893555,0,1,0.6500371098518372,0.7594307065010071,0.026782087981700897,0,-0.7593997120857239,0.6479201316833496,0.05926203727722168,0,0.027653047814965248,-0.058861058205366135,0.9978830218315125,0,0,22.398244857788086,0,1,0.9966086149215698,-0.07727178186178207,-0.028268732130527496,0,0.07716772705316544,0.9970067143440247,-0.004748282954096794,0,0.02855158969759941,0.0025515765883028507,0.9995889663696289,0,0,33.47169494628906,0,1,0.48658400774002075,0.6474480032920837,-0.5865560173988342,0,-0.2507689893245697,0.7466530203819275,0.6161370277404785,0,0.836870014667511,-0.15271200239658356,0.5256689786911011,0,-4.7578630447387695,4.466963768005371,-0.000003999999989900971,1,0.9503980278968811,-0.31014901399612427,0.023473000153899193,0,0.3097740113735199,0.9506340026855469,0.018312999978661537,0,-0.027993999421596527,-0.010134000331163406,0.9995570182800293,0,-1.0412830114364624,5.116055011749268,0,1,0.8066409826278687,-0.5877249836921692,0.06252700090408325,0,0.5910099744796753,0.8031589984893799,-0.07512199878692627,0,-0.006068000104278326,0.09754999727010727,0.9952120184898376,0,0.18398000299930573,6.19973611831665,0,1,0.9907699823379517,0.13545100390911102,0.005350999999791384,0,-0.06633699685335159,0.45004600286483765,0.8905379772186279,0,0.11821600049734116,-0.8826730251312256,0.4548780024051666,0,0,7.075955867767334,0.23825600743293762,1,0.9982650279998779,0.04999899864196777,0.031106999143958092,0,-0.03135199844837189,0.0041160001419484615,0.9994999766349792,0,0.04984600096940994,-0.9987409710884094,0.005675999913364649,0,0.1452530026435852,8.270981788635254,0,1,0.9994879961013794,0.026494000107049942,0.01792299933731556,0,-0.03164299950003624,0.7370269894599915,0.6751229763031006,0,0.004676999989897013,-0.6753439903259277,0.7374879717826843,0,-0.18368400633335114,6.899418830871582,0,1,0.1323753148317337,-0.024939119815826416,0.9908859133720398,0,-0.9034131169319153,-0.41435056924819946,0.11026127636432648,0,0.4078245460987091,-0.9097751975059509,-0.07738018035888672,0,-8.183961868286133,13.263925552368164,-0.23862800002098083,1,0.9817851185798645,0.18795479834079742,0.02775292471051216,0,-0.1700393706560135,0.8040860891342163,0.5696761608123779,0,0.08475819230079651,-0.5640192031860352,0.8213998079299927,0,0,16.932416915893555,0,1,0.7639831900596619,-0.5725220441818237,-0.29757121205329895,0,0.6238958239555359,0.773094117641449,0.11436881870031357,0,0.16457152366638184,-0.2730293571949005,0.947824239730835,0,0,22.42294692993164,0,1,0.9676973819732666,-0.24661412835121155,-0.052376363426446915,0,0.22667038440704346,0.9420039057731628,-0.2474854439496994,0,0.1103719025850296,0.22761942446231842,0.967474102973938,0,0,33.44632339477539,0,1,0.9188119769096375,-0.39442598819732666,-0.014576000161468983,0,0.3457230031490326,0.7864440083503723,0.5118409991264343,0,-0.190420001745224,-0.47532498836517334,0.8589569926261902,0,4.979205131530762,3.843290090560913,0,1,0.956493079662323,0.2794647514820099,-0.08379200100898743,0,-0.2798187732696533,0.9600220322608948,0.007723971735686064,0,0.08260100334882736,0.01605900749564171,0.9964529871940613,0,0.7765089869499207,4.971682071685791,0,1,0.9175223708152771,-0.39745408296585083,-0.013518002815544605,0,0.3972250819206238,0.9175663590431213,-0.016843101009726524,0,0.01909802295267582,0.010084114037454128,0.999767005443573,0,0.04032500088214874,6.484291076660156,0,1,0.999763011932373,-0.01891201362013817,0.010806995443999767,0,0.0184010062366724,0.9987909197807312,0.04559259116649628,0,-0.01165600772947073,-0.04538259282708168,0.9989019632339478,0,0,7.823678016662598,0.08308099955320358,1,0.9999560117721558,0.009389985352754593,0.0005090059130452573,0,-0.00939098559319973,0.9944189190864563,0.10507945716381073,0,0.0004799962043762207,-0.10507945716381073,0.9944639205932617,0,-0.05889600142836571,8.570366859436035,0,1,0.9998689889907837,0.01618199050426483,0.0009519965969957411,0,-0.01614798977971077,0.9994530081748962,-0.028860636055469513,0,-0.0014189907815307379,0.028841637074947357,0.9995830059051514,0,0.09868700057268143,5.791942119598389,0,1,-0.8463149070739746,-0.3441694676876068,0.40656778216362,0,0.5149821639060974,-0.7237563133239746,0.4593142867088318,0,0.1361740082502365,0.5981003642082214,0.7897675037384033,0,13.961853981018066,-5.866764068603516,0.1643040031194687,1,0.9840919375419617,-0.0971590206027031,-0.14873836934566498,0,-0.059211455285549164,0.609971284866333,-0.7902084589004517,0,0.16750216484069824,0.7864444851875305,0.5945142507553101,0,0,24.3056697845459,0,1,0.9055208563804626,-0.26600170135498047,-0.33056649565696716,0,0.40522533655166626,0.3111884891986847,0.8596240282058716,0,-0.12579277157783508,-0.9123622179031372,0.3895784616470337,0,0,17.98106575012207,0,1,0.9190250039100647,0.01635298877954483,-0.39385899901390076,0,0.2797589898109436,0.6768479943275452,0.6808900237083435,0,0.2777169942855835,-0.7359409928321838,0.6174659729003906,0,0,14.638616561889648,0,1,-0.712012767791748,0.49782174825668335,-0.49518850445747375,0,-0.6225078701972961,-0.7737922072410583,0.11717408895492554,0,-0.3248416781425476,0.3916873037815094,0.8608472943305969,0,-13.961853981018066,-5.866764068603516,0.47316500544548035,1,0.9854829907417297,0.09403085708618164,0.14135411381721497,0,0.050119172781705856,0.634363055229187,-0.7714089155197144,0,-0.16220596432685852,0.7672950029373169,0.6204410791397095,0,0,24.301692962646484,0,1,0.8849518895149231,0.31091806292533875,0.3466852307319641,0,-0.39307910203933716,0.09954643249511719,0.9140999913215637,0,0.24969825148582458,-0.9452090263366699,0.21030955016613007,0,0,18.005645751953125,0,1,0.9212390184402466,0.000003999999989900971,0.38899800181388855,0,-0.28081199526786804,0.6920199990272522,0.6650220155715942,0,-0.26919201016426086,-0.7218790054321289,0.6375160217285156,0,0,14.53553295135498,0,1
K0.067,0.517909586429596,0.009723134338855743,0.8553802371025085,0,0.08323875069618225,0.9946170449256897,-0.061705417931079865,0,-0.8513752222061157,0.1031586229801178,0.5143126249313354,0,-0.0840713158249855,48.53230667114258,-0.8591794371604919,1,0.9981340169906616,-0.05964009836316109,-0.013062996789813042,0,0.060865093022584915,0.9552311301231384,0.2895335257053375,0,-0.00478899572044611,-0.28978851437568665,0.9570791125297546,0,0,10.525012969970703,-0.7856240272521973,1,0.9991580247879028,-0.03801105543971062,-0.01545002032071352,0,0.03958405926823616,0.9920899868011475,0.11912491917610168,0,0.010800017043948174,-0.1196369156241417,0.9927589893341064,0,0,12.313343048095703,0,1,0.9991390109062195,-0.038543060421943665,-0.015375031158328056,0,0.04009605944156647,0.9921479821205139,0.11846791952848434,0,0.010688027366995811,-0.11898192763328552,0.992838978767395,0,0,14.072396278381348,0,1,0.9974110126495361,0.07183695584535599,-0.0032451478764414787,0,-0.07013696432113647,0.9817761182785034,0.17662586271762848,0,0.015875063836574554,-0.1759408712387085,0.9842731356620789,0,0,15.83143424987793,0,1,0.7278889417648315,-0.18211472034454346,-0.6610687971115112,0,-0.024560490623116493,0.9565426707267761,-0.2905568778514862,0,0.6852549314498901,0.22772960364818573,0.691783607006073,0,0,14.680304527282715,3.0676159858703613,1,0.16451609134674072,0.019232086837291718,-0.9861871004104614,0,0.9053718447685242,-0.39972957968711853,0.1432390958070755,0,-0.3914535939693451,-0.9164317846298218,-0.08317374438047409,0,8.183961868286133,13.256951332092285,-0.14518800377845764,1,0.845116913318634,-0.3027718961238861,0.44057464599609375,0,0.06255622208118439,0.8744992017745972,0.4809767007827759,0,-0.5309074521064758,-0.37892064452171326,0.7579939961433411,0,0,16.932416915893555,0,1,0.558742880821228,0.8285753130912781,0.03562290966510773,0,-0.828704297542572,0.5561158657073975,0.06311996281147003,0,0.032488953322172165,-0.06478893756866455,0.9973700046539307,0,0,22.398244857788086,0,1,0.9618103504180908,-0.25534123182296753,0.09859173744916916,0,0.24960029125213623,0.9660323262214661,0.0669412836432457,0,-0.11233559995889664,-0.039775580167770386,0.9928740859031677,0,0,33.47169494628906,0,1,0.48658400774002075,0.6474480032920837,-0.586555004119873,0,-0.2507689893245697,0.7466530203819275,0.6161370277404785,0,0.836870014667511,-0.15271300077438354,0.5256689786911011,0,-4.7578630447387695,4.466963768005371,-0.000003999999989900971,1,0.9503980278968811,-0.31014901399612427,0.023473000153899193,0,0.3097740113735199,0.9506340026855469,0.018312999978661537,0,-0.027993999421596527,-0.01013300009071827,0.9995570182800293,0,-1.0412830114364624,5.116055011749268,0,1,0.8066409826278687,-0.5877249836921692,0.06252700090408325,0,0.5910099744796753,0.8031579852104187,-0.07512199878692627,0,-0.006068000104278326,0.09754999727010727,0.9952120184898376,0,0.18398000299930573,6.19973611831665,0,1,0.9907699823379517,0.13545000553131104,0.0053519997745752335,0,-0.06633699685335159,0.45004600286483765,0.8905379772186279,0,0.11821500211954117,-0.8826730251312256,0.45487698912620544,0,0,7.075955867767334,0.23825600743293762,1,0.9982650279998779,0.04999899864196777,0.031106999143958092,0,-0.0313510000705719,0.004116999916732311,0.9994999766349792,0,0.04984600096940994,-0.9987409710884094,0.005677000153809786,0,0.1452530026435852,8.270981788635254,0,1,0.9994879961013794,0.026494000107049942,0.01792299933731556,0,-0.03164299950003624,0.7370269894599915,0.6751229763031006,0,0.004676999989897013,-0.6753439903259277,0.7374879717826843,0,-0.18368400633335114,6.899418830871582,0,1,0.16353869438171387,-0.03678588196635246,0.9858510494232178,0,-0.9170328974723816,-0.37411537766456604,0.13816271722316742,0,0.3637394607067108,-0.9266528487205505,-0.09491582959890366,0,-8.183961868286133,13.263925552368164,-0.23862800002098083,1,0.9945188760757446,0.06782618910074234,-0.07956893742084503,0,-0.00827360711991787,0.8096939325332642,0.586793839931488,0,0.10422680526971817,-0.5829198360443115,0.805817186832428,0,0,16.932416915893555,0,1,0.7846808433532715,-0.580039918422699,-0.21870079636573792,0,0.6089110970497131,0.7873438596725464,0.096524178981781,0,0.11620448529720306,-0.20890964567661285,0.9710057377815247,0,0,22.42294692993164,0,1,0.9089975953102112,-0.359361857175827,0.2111443728208542,0,0.3658806383609772,0.9306201338768005,0.008735453709959984,0,-0.19963490962982178,0.06931357085704803,0.9774149060249329,0,0,33.44632339477539,0,1,0.9188119769096375,-0.39442598819732666,-0.014576000161468983,0,0.3457230031490326,0.7864440083503723,0.5118409991264343,0,-0.190421000123024,-0.47532498836517334,0.8589569926261902,0,4.979205131530762,3.843290090560913,0,1,0.9631109237670898,0.25567924976348877,-0.08393800258636475,0,-0.2561832368373871,0.9666159152984619,0.004889028612524271,0,0.08238600194454193,0.016794992610812187,0.9964590072631836,0,0.7765089869499207,4.971682071685791,0,1,0.9523776173591614,-0.3046119213104248,-0.013752996921539307,0,0.3041779100894928,0.9522356390953064,-0.026892898604273796,0,0.021287977695465088,0.02142888680100441,0.9995440244674683,0,0.04032500088214874,6.484291076660156,0,1,0.9997429847717285,-0.020164987072348595,0.010366004891693592,0,0.01896999403834343,0.9943230748176575,0.10469640791416168,0,-0.012417992576956749,-0.10447341203689575,0.994450032711029,0,0,7.823678016662598,0.08308099955320358,1,0.9999679923057556,0.007923014461994171,0.0011029940797016025,0,-0.007999014109373093,0.9885910749435425,0.1504085510969162,0,0.00010100376675836742,-0.15041255950927734,0.9886230826377869,0,-0.05889600142836571,8.570366859436035,0,1,0.9998829960823059,0.015253009274601936,0.0006150034023448825,0,-0.01525700930505991,0.9998559951782227,0.0073876394890248775,0,-0.0005020091193728149,-0.007396640256047249,0.9999729990959167,0,0.09868700057268143,5.791942119598389,0,1,-0.8348751068115234,-0.39165353775024414,0.3867682218551636,0,0.5327607989311218,-0.7516067028045654,0.38891369104385376,0,0.13837797939777374,0.5307496786117554,0.8361555337905884,0,13.961853981018066,-5.866764068603516,0.1643040031194687,1,0.9774400591850281,-0.09917198121547699,-0.18648463487625122,0,-0.10474854707717896,0.53908371925354,-0.8357125520706177,0,0.18340983986854553,0.8363925218582153,0.5165337920188904,0,0,24.3056697845459,0,1,0.8935371041297913,-0.23538829386234283,-0.3823395073413849,0,0.4370296597480774,0.2607335150241852,0.8608270287513733,0,-0.10294022411108017,-0.9362747669219971,0.33584654331207275,0,0,17.98106575012207,0,1,0.9191399812698364,0.015268011018633842,-0.39363399147987366,0,0.2797819972038269,0.6781349778175354,0.6795989871025085,0,0.2773140072822571,-0.7347790002822876,0.6190299987792969,0,0,14.638616561889648,0,1,-0.6885292530059814,0.5718342661857605,-0.4460194706916809,0,-0.6084301471710205,-0.7901667952537537,-0.07381410151720047,0,-0.3946393132209778,0.22054870426654816,0.8919736742973328,0,-13.961853981018066,-5.866764068603516,0.47316500544548035,1,0.984965980052948,0.07997214049100876,0.1531228870153427,0,0.06713283061981201,0.6395229697227478,-0.7658350467681885,0,-0.15917102992534637,0.7646009922027588,0.6245399117469788,0,0,24.301692962646484,0,1,0.8730311393737793,0.3177899420261383,0.3698997497558594,0,-0.40303391218185425,0.04314455762505531,0.9141680002212524,0,0.2745537757873535,-0.9471790194511414,0.16574645042419434,0,0,18.005645751953125,0,1,0.9212390184402466,0.000003999999989900971,0.38899800181388855,0,-0.28081101179122925,0.6920210123062134,0.6650210022926331,0,-0.2691909968852997,-0.7218779921531677,0.637516975402832,0,0,14.53553295135498,0,1
K0.100,0.5940430164337158,-0.014196999371051788,0.8043079972267151,0,0.2337300032377243,0.9597560167312622,-0.15568700432777405,0,-0.7697290182113647,0.280474990606308,0.5734549760818481,0,-1.075374960899353,47.823997497558594,-0.5187619924545288,1,0.9984570145606995,-0.051350999623537064,-0.021144000813364983,0,0.05522400140762329,0.9582679867744446,0.2804870009422302,0,0.005857999436557293,-0.28122198581695557,0.9596250057220459,0,0,10.525012969970703,-0.7856240272521973,1,0.9993860125541687,-0.03186199814081192,-0.014607000164687634,0,0.033309001475572586,0.9930679798126221,0.11272700130939484,0,0.010913999751210213,-0.11314400285482407,0.9935190081596375,0,0,12.313343048095703,0,1,0.9993870258331299,-0.032228998839855194,-0.013704000040888786,0,0.03356900066137314,0.9930750131607056,0.11258699744939804,0,0.009980999864637852,-0.112977996468544,0.9935470223426819,0,0,14.072396278381348,0,1,0.9968540072441101,0.07793399691581726,0.014462999068200588,0,-0.07872500270605087,0.9521980285644531,0.29516300559043884,0,0.009232000447809696,-0.29537200927734375,0.9553380012512207,0,0,15.83143424987793,0,1,0.8417680263519287,-0.006374008022248745,-0.5398020148277283,0,0.01001499779522419,0.9999430179595947,0.003809986636042595,0,0.5397469997406006,-0.008612989448010921,0.8417829871177673,0,0,14.680304527282715,3.0676159858703613,1,0.2179100066423416,0.019886000081896782,-0.9757660031318665,0,0.9160969853401184,-0.34895700216293335,0.19747300446033478,0,-0.336573988199234,-0.9369279742240906,-0.09425900131464005,0,8.183961868286133,13.256951332092285,-0.14518800377845764,1,0.9111719727516174,-0.34423398971557617,0.22642701864242554,0,0.17521299421787262,0.8210999965667725,0.5432260036468506,0,-0.37291601300239563,-0.4552989900112152,0.8084779977798462,0,0,16.932416915893555,0,1,0.4417400062084198,0.8959289789199829,0.04665699973702431,0,-0.8962969779968262,0.43846800923347473,0.06631699949502945,0,0.038957998156547546,-0.07111400365829468,0.996707022190094,0,0,22.398244857788086,0,1,0.8989099860191345,-0.4132609963417053,0.14551900327205658,0,0.39882001280784607,0.909309983253479,0.11873800307512283,0,-0.18139199912548065,-0.04869899898767471,0.982204020023346,0,0,33.47169494628906,0,1,0.48658400774002075,0.6474480032920837,-0.5865560173988342,0,-0.2507689893245697,0.7466530203819275,0.6161370277404785,0,0.836870014667511,-0.15271200239658356,0.5256689786911011,0,-4.7578630447387695,4.466963768005371,-0.000003999999989900971,1,0.9503980278968811,-0.31014901399612427,0.023473000153899193,0,0.3097740113735199,0.9506340026855469,0.018312999978661537,0,-0.027993999421596527,-0.01013300009071827,0.9995570182800293,0,-1.0412830114364624,5.116055011749268,0,1,0.8066409826278687,-0.5877249836921692,0.06252700090408325,0,0.5910109877586365,0.8031579852104187,-0.07512199878692627,0,-0.006068000104278326,0.09754999727010727,0.9952120184898376,0,0.18398000299930573,6.19973611831665,0,1,0.9907699823379517,0.13545000553131104,0.0053519997745752335,0,-0.06633699685335159,0.45004600286483765,0.8905379772186279,0,0.11821500211954117,-0.8826730251312256,0.4548780024051666,0,0,7.075955867767334,0.23825600743293762,1,0.9982650279998779,0.04999899864196777,0.031106000766158104,0,-0.0313510000705719,0.0041160001419484615,0.9994999766349792,0,0.04984600096940994,-0.9987409710884094,0.005677000153809786,0,0.1452530026435852,8.270981788635254,0,1,0.9994879961013794,0.026494000107049942,0.01792299933731556,0,-0.03164299950003624,0.7370269894599915,0.6751220226287842,0,0.004676999989897013,-0.6753439903259277,0.7374879717826843,0,-0.18368400633335114,6.899418830871582,0,1,0.16520899534225464,-0.01847900077700615,0.9860849976539612,0,-0.9366379976272583,-0.3160820007324219,0.1510010063648224,0,0.30889299511909485,-0.9485520124435425,-0.0695279985666275,0,-8.183961868286133,13.263925552368164,-0.23862800002098083,1,0.9925299882888794,-0.030539996922016144,-0.11811999976634979,0,0.09691699594259262,0.785444974899292,0.6112959980964661,0,0.07410799711942673,-0.6181769967079163,0.7825369834899902,0,0,16.932416915893555,0,1,0.8071209788322449,-0.5775889754295349,-0.12225300818681717,0,0.5878880023956299,0.8053140044212341,0.0765329971909523,0,0.05424800515174866,-0.1336430013179779,0.9895439743995667,0,0,22.42294692993164,0,1,0.8711209893226624,-0.09915201365947723,0.48095500469207764,0,-0.03735598176717758,0.9631860256195068,0.26622799038887024,0,-0.48964598774909973,-0.24988298118114471,0.8353469967842102,0,0,33.44632339477539,0,1,0.9188119769096375,-0.39442598819732666,-0.014574999921023846,0,0.3457230031490326,0.7864440083503723,0.5118409991264343,0,-0.190421000123024,-0.47532400488853455,0.8589569926261902,0,4.979205131530762,3.843290090560913,0,1,0.9691420197486877,0.2317350059747696,-0.08404500037431717,0,-0.23238900303840637,0.9726210236549377,0.0020560002885758877,0,0.08222100138664246,0.017539000138640404,0.9964600205421448,0,0.7765089869499207,4.971682071685791,0,1,0.9778509736061096,-0.20877400040626526,-0.01486700028181076,0,0.2081190049648285,0.9774079918861389,-0.036869000643491745,0,0.022228000685572624,0.032958999276161194,0.999210000038147,0,0.04032500088214874,6.484291076660156,0,1,0.9997199773788452,-0.021606000140309334,0.009618000127375126,0,0.019509999081492424,0.9832980036735535,0.1809539943933487,0,-0.0133670000359416,-0.18071599304676056,0.9834449887275696,0,0,7.823678016662598,0.08308099955320358,1,0.9999809861183167,0.005874999798834324,0.0018100000452250242,0,-0.006124999839812517,0.9772800207138062,0.21186499297618866,0,-0.0005239999736659229,-0.21187299489974976,0.9772970080375671,0,-0.05889600142836571,8.570366859436035,0,1,0.9999020099639893,0.013965999707579613,0.00008000001980690286,0,-0.013945999555289745,0.998183012008667,0.05861099809408188,0,0.0007379999151453376,-0.05860699713230133,0.9982810020446777,0,0.09868700057268143,5.791942119598389,0,1,-0.833532989025116,-0.4248090088367462,0.35321399569511414,0,0.5350880026817322,-0.7798699736595154,0.32478201389312744,0,0.13749100267887115,0.4597170054912567,0.8773580193519592,0,13.961853981018066,-5.866764068603516,0.1643040031194687,1,0.9607139825820923,-0.10611999779939651,-0.2564510107040405,0,-0.1852550059556961,0.4428429901599884,-0.8772519826889038,0,0.20666100084781647,0.890296995639801,0.40578600764274597,0,0,24.3056697845459,0,1,0.8901119828224182,-0.1577800065279007,-0.4275589883327484,0,0.4545559883117676,0.23971499502658844,0.8578550219535828,0,-0.03286000341176987,-0.9579359889030457,0.2850930094718933,0,0,17.98106575012207,0,1,0.9198079705238342,0.01385399978607893,-0.3921250104904175,0,0.2797589898109436,0.6775720119476318,0.6801699995994568,0,0.2751159965991974,-0.7353259921073914,0.6193600296974182,0,0,14.638616561889648,0,1,-0.6609780192375183,0.6602330207824707,-0.35665199160575867,0,-0.5373650193214417,-0.7481920123100281,-0.38916200399398804,0,-0.5237820148468018,-0.06557498872280121,0.8493250012397766,0,-13.961853981018066,-5.866764068603516,0.47316500544548035,1,0.9893550276756287,0.020795002579689026,0.14402799308300018,0,0.08262699842453003,0.7344440221786499,-0.6736209988594055,0,-0.11978799849748611,0.6783509850502014,0.7249069809913635,0,0,24.301692962646484,0,1,0.8422160148620605,0.3687649965286255,0.39330101013183594,0,-0.4290600121021271,0.016711002215743065,0.9031220078468323,0,0.32646700739860535,-0.9293720126152039,0.17229600250720978,0,0,18.005645751953125,0,1,0.9212390184402466,0.000003999999989900971,0.38899800181388855,0,-0.28081199526786804,0.6920199990272522,0.6650210022926331,0,-0.26919201016426086,-0.7218779921531677,0.637516975402832,0,0,14.53553295135498,0,1
