1.500,30,45,41
B0,mixamorig_Hips,-1,0.6847198009490967,-0.06469450891017914,0.7256721258163452,0,-0.12874577939510345,0.969531774520874,0.20793139934539795,0,-0.717139720916748,-0.23602867126464844,0.6556100845336914,0,2.6629745960235596,42.19772720336914,9.94013786315918,1
B1,mixamorig_Spine,0,0.9778411984443665,-0.20918238162994385,-0.0009010740905068815,0,0.20892126858234406,0.9764217734336853,0.053647302091121674,0,-0.010365139693021774,-0.05262910574674606,0.998552680015564,0,0,10.525012969970703,-0.7856240272521973,1
B2,mixamorig_Spine1,1,0.999496340751648,-0.031582679599523544,-0.003183675929903984,0,0.0315488837659359,0.9994503855705261,-0.010108524933457375,0,0.003500691382214427,0.010002627037465572,0.9999435544013977,0,0,12.313343048095703,0,1
B3,mixamorig_Spine2,2,0.999488890171051,-0.031772322952747345,-0.003600340336561203,0,0.03173371031880379,0.9994425773620605,-0.010314232669770718,0,0.003925638273358345,0.01019441056996584,0.9999396800994873,0,0,14.072396278381348,0,1
B4,mixamorig_Neck,3,0.9871100783348083,-0.047309357672929764,-0.15267795324325562,0,0.058368340134620667,0.9958992004394531,0.06823243945837021,0,0.14879587292671204,-0.07628370821475983,0.985832154750824,0,0,15.83143424987793,0,1
B5,mixamorig_Head,4,0.9118257164955139,-0.07898983359336853,-0.4028947651386261,0,-0.055192604660987854,0.9487080574035645,-0.31101784110069275,0,0.4067991375923157,0.30583128333091736,0.8606954216957092,0,0,14.680304527282715,3.0676159858703613,1
B6,mixamorig_HeadTop_End,5,1,0,0,0,0,1,0,0,0,0,1,0,0,52.596832275390625,10.990701675415039,1
B7,mixamorig_LeftShoulder,3,0.05180373042821884,0.0070500485599040985,-0.9986277222633362,0,0.992872416973114,-0.10758791118860245,0.050740886479616165,0,-0.10708052664995193,-0.9941468834877014,-0.012592077255249023,0,8.183961868286133,13.256951332092285,-0.14518800377845764,1
B8,mixamorig_LeftArm,7,0.868676483631134,-0.1354629099369049,0.4763765037059784,0,-0.07399418950080872,0.9155861735343933,0.3952328562736511,0,-0.48969903588294983,-0.3786158859729767,0.7853240370750427,0,0,16.932416915893555,0,1
B9,mixamorig_LeftForeArm,8,0.2174319624900818,0.7908270955085754,0.5720570683479309,0,-0.9403514266014099,0.014469395391643047,0.33745914697647095,0,0.25854572653770447,-0.6116073131561279,0.7466626763343811,0,0,22.398244857788086,0,1
B10,mixamorig_LeftHand,9,0.9507254362106323,0.1033971831202507,-0.29226356744766235,0,-0.08501183241605759,0.9935473203659058,0.07494255155324936,0,0.29813820123672485,-0.0463995635509491,0.9533878564834595,0,0,33.47169494628906,0,1
B11,mixamorig_LeftHandThumb1,10,0.8672000169754028,0.4926440119743347,-0.072564996778965,0,-0.3629409968852997,0.7250908017158508,0.5852500200271606,0,0.34093600511550903,-0.4811919927597046,0.8075990080833435,0,-4.7578630447387695,4.466963768005371,-0.000003999999989900971,1
B12,mixamorig_LeftHandThumb2,11,0.9759160280227661,-0.08922699838876724,-0.1990651786327362,0,0.09864699840545654,0.9944009780883789,0.03789399936795235,0,0.19457000494003296,-0.05661800131201744,0.9792529940605164,0,-1.0412830114364624,5.116055011749268,0,1
B13,mixamorig_LeftHandThumb3,12,0.7033960223197937,0.2702600061893463,-0.6574140191078186,0,0.24473699927330017,0.7762579917907715,0.5809710025787354,0,0.6673359870910645,-0.5695459842681885,0.47987401485443115,0,0.18398000299930573,6.19973611831665,0,1
B14,mixamorig_LeftHandThumb4,13,1,0,0,0,0,1,0,0,0,0,1,0,0.8573030233383179,4.033854007720947,0,1
B15,mixamorig_LeftHandIndex1,10,0.9132369756698608,0.32435300946235657,0.24656200408935547,0,-0.29613998532295227,0.11281599849462509,0.9484588503837585,0,0.2798190116882324,-0.9391850233078003,0.19908200204372406,0,0,7.075955867767334,0.23825600743293762,1
B16,mixamorig_LeftHandIndex2,15,0.9682289958000183,0.2315939962863922,0.09432099759578705,0,-0.18166300654411316,0.3922249972820282,0.9017530083656311,0,0.17184500396251678,-0.8902379870414734,0.4218359887599945,0,0.1452530026435852,8.270981788635254,0,1
B17,mixamorig_LeftHandIndex3,16,0.9731090068817139,0.20616617798805237,0.1027349978685379,0,-0.17018799483776093,0.3429468274116516,0.9238089919090271,0,0.15522600710391998,-0.9164509773254395,0.3688110113143921,0,-0.18368400633335114,6.899418830871582,0,1
B18,mixamorig_LeftHandIndex4,17,1,0,0,0,0,1,0,0,0,0,1,0,0.03843099996447563,4.820864200592041,0,1
B19,mixamorig_RightShoulder,3,0.17048053443431854,-0.012591999024152756,0.9851152896881104,0,-0.8853739500045776,-0.440496563911438,0.14762914180755615,0,0.432088702917099,-0.8976538181304932,-0.08617128431797028,0,-8.183961868286133,13.263925552368164,-0.23862800002098083,1
B20,mixamorig_RightArm,19,0.9525864124298096,-0.2929743528366089,0.07570742815732956,0,0.2883795201778412,0.954733669757843,0.06594705581665039,0,-0.09169050306081772,-0.04080905020236969,0.9949259757995605,0,0,16.932416915893555,0,1
B21,mixamorig_RightForeArm,20,-0.013249874114990234,-0.9745196104049683,-0.2000642865896225,0,0.9990871548652649,-0.005898134782910347,-0.04145113751292229,0,0.03893017768859863,-0.20040827989578247,0.9737319946289062,0,0,22.42294692993164,0,1
B22,mixamorig_RightHand,21,0.8835374116897583,0.344309538602829,0.31502440571784973,0,-0.4143451750278473,0.8894534707069397,0.1895836889743805,0,-0.21564923226833344,-0.29787811636924744,0.9297109842300415,0,0,33.44632339477539,0,1
B23,mixamorig_RightHandThumb1,22,0.9483019709587097,-0.17550599575042725,0.26442500948905945,0,-0.10973981767892838,0.6004531979560852,0.7920939922332764,0,-0.297791987657547,-0.78016197681427,0.5501511693000793,0,4.979205131530762,3.843290090560913,0,1
B24,mixamorig_RightHandThumb2,23,0.9550701975822449,-0.10466200113296509,0.27728381752967834,0,0.16278600692749023,0.9670640230178833,-0.19567200541496277,0,-0.24767182767391205,0.23201799392700195,0.9406520128250122,0,0.7765089869499207,4.971682071685791,0,1
B25,mixamorig_RightHandThumb3,24,0.9518629908561707,0.09511800110340118,-0.29139381647109985,0,-0.16129499673843384,0.9638069868087769,-0.21227499842643738,0,0.2606559991836548,0.24905699491500854,0.9327532052993774,0,0.04032500088214874,6.484291076660156,0,1
B26,mixamorig_RightHandThumb4,25,1,0,0,0,0,1,0,0,0,0,1,0,-0.8168330192565918,4.664699077606201,0,1
B27,mixamorig_RightHandIndex1,22,0.990801990032196,-0.1035199984908104,-0.08714699745178223,0,0.1258160024881363,0.4676769971847534,0.8748990297317505,0,-0.04981299862265587,-0.8778160214424133,0.4763999879360199,0,0,7.823678016662598,0.08308099955320358,1
B28,mixamorig_RightHandIndex2,27,0.9714289903640747,-0.22116899490356445,-0.08608300238847733,0,0.17103999853134155,0.40095800161361694,0.8999879956245422,0,-0.16453300416469574,-0.8889979720115662,0.42733100056648254,0,-0.05889600142836571,8.570366859436035,0,1
B29,mixamorig_RightHandIndex3,28,0.984578013420105,-0.16467218101024628,-0.059066999703645706,0,0.13554200530052185,0.5045560002326965,0.8526729941368103,0,-0.11060900241136551,-0.8475298285484314,0.5190941691398621,0,0.09868700057268143,5.791942119598389,0,1
B30,mixamorig_RightHandIndex4,29,1,0,0,0,0,1,0,0,0,0,1,0,-0.03979099914431572,4.182465076446533,0,1
B31,mixamorig_LeftUpLeg,0,-0.5846188068389893,-0.37116703391075134,0.7211559414863586,0,0.80768883228302,-0.1827286034822464,0.5600703358650208,0,-0.07615349441766739,0.9098911881446838,0.40662574768066406,0,13.961853981018066,-5.866764068603516,0.1643040031194687,1
B32,mixamorig_LeftLeg,31,0.9911026954650879,-0.13022743165493011,0.01091208215802908,0,0.0902874618768692,0.6373211741447449,-0.7611930966377258,0,0.09294126182794571,0.7552315592765808,0.6436586380004883,0,0,24.3056697845459,0,1
B33,mixamorig_LeftFoot,32,0.9169412851333618,-0.36099690198898315,-0.16356196999549866,0,0.3896503448486328,0.7252798676490784,0.5598595142364502,0,-0.08166441321372986,-0.5773248076438904,0.806136429309845,0,0,17.98106575012207,0,1
B34,mixamorig_LeftToeBase,33,0.9705021381378174,0.014281045645475388,-0.24021342396736145,0,0.17497260868549347,0.6444951891899109,0.7434951663017273,0,0.1657361090183258,-0.7635771632194519,0.6230357885360718,0,0,14.638616561889648,0,1
B35,mixamorig_LeftToe_End,34,1,0,0,0,0,1,0,0,0,0,1,0,0,5.677577018737793,0,1
B36,mixamorig_RightUpLeg,0,-0.6262904405593872,0.6501931548118591,-0.4287931025028229,0,-0.6423181295394897,-0.7428629398345947,-0.1862535923719406,0,-0.4396613836288452,0.15929655730724335,0.8829378485679626,0,-13.961853981018066,-5.866764068603516,0.47316500544548035,1
B37,mixamorig_RightLeg,36,0.9758768081665039,-0.09417840093374252,-0.1944316029548645,0,0.008972945623099804,0.9176972508430481,-0.38443320989608765,0,0.21572920680046082,0.3730573356151581,0.8964260816574097,0,0,24.301692962646484,0,1
B38,mixamorig_RightFoot,37,0.7236452698707581,0.6579987406730652,0.1999918520450592,0,-0.5507232546806335,0.3784879446029663,0.7431499361991882,0,0.4124738276004791,-0.6482645273208618,0.6378301382064819,0,0,18.005645751953125,0,1
B39,mixamorig_RightToeBase,38,0.8937334418296814,0.118694007396698,0.43071314692497253,0,-0.41620051860809326,0.5676982402801514,0.7085420489311218,0,-0.15979622304439545,-0.8130864500999451,0.5584959983825684,0,0,14.53553295135498,0,1
B40,mixamorig_RightToe_End,39,1,0,0,0,0,1,0,0,0,0,1,0,0,5.66837215423584,0,1
@34,0,1,2,3,4,5,7,8,9,10,11,12,13,15,16,17,19,20,21,22,23,24,25,27,28,29,31,32,33,34,36,37,38,39
K0.000,0.5846019983291626,-0.008768999949097633,0.8112729787826538,0,-0.12422800064086914,0.9871829748153687,0.10018900036811829,0,-0.8017529845237732,-0.15935400128364563,0.5760200023651123,0,0.27457401156425476,45.81568145751953,-1.2907240390777588,1,0.9965909719467163,-0.051263999193906784,-0.06463500112295151,0,0.05463799834251404,0.9971749782562256,0.051552001386880875,0,0.061810001730918884,-0.05490799993276596,0.9965760111808777,0,0,10.525012969970703,-0.7856240272521973,1,0.9988700151443481,0.04274800047278404,-0.02078700065612793,0,-0.04228900000452995,0.9988620281219482,0.02204499952495098,0,0.02170499972999096,-0.02114100009202957,0.9995409846305847,0,0,12.313343048095703,0,1,0.9995750188827515,0.020034000277519226,-0.021164000034332275,0,-0.019951999187469482,0.9997929930686951,0.0040710000321269035,0,0.021240999922156334,-0.003647000063210726,0.9997680187225342,0,0,14.072396278381348,0,1,0.985069990158081,-0.020207999274134636,-0.1709669977426529,0,0.027000999078154564,0.9989320039749146,0.03749699890613556,0,0.1700260043144226,-0.04155300185084343,0.9845629930496216,0,0,15.83143424987793,0,1,0.9123830199241638,-0.11264300346374512,-0.39353299140930176,0,0.07962500303983688,0.9918659925460815,-0.0993029996752739,0,0.40151798725128174,0.05926699936389923,0.9139320254325867,0,0,14.680304527282715,3.0676159858703613,1,0.1505659967660904,-0.041482001543045044,-0.987729012966156,0,0.9222109913825989,-0.3540650010108948,0.1554490029811859,0,-0.3561689853668213,-0.9343000054359436,-0.015056000091135502,0,8.183961868286133,13.256951332092285,-0.14518800377845764,1,0.9743120074272156,0.22519999742507935,-0.001196000026538968,0,-0.1925320029258728,0.8357059955596924,0.5143219828605652,0,0.11682499945163727,-0.5008800029754639,0.8575959801673889,0,0,16.932416915893555,0,1,-0.014007000252604485,0.8024410009384155,0.5965679883956909,0,-0.9984040260314941,-0.04386899992823601,0.03556700050830841,0,0.0547109991312027,-0.5951169729232788,0.8017740249633789,0,0,22.398244857788086,0,1,0.9587600231170654,0.01793299987912178,-0.28365200757980347,0,-0.011300000362098217,0.9996240139007568,0.025002000853419304,0,0.28399398922920227,-0.020764999091625214,0.9586009979248047,0,0,33.47169494628906,0,1,0.8672000169754028,0.4926440119743347,-0.072564996778965,0,-0.3629409968852997,0.7250909805297852,0.5852500200271606,0,0.34093600511550903,-0.4811919927597046,0.8075990080833435,0,-4.7578630447387695,4.466963768005371,-0.000003999999989900971,1,0.9759160280227661,-0.08922699838876724,-0.19906599819660187,0,0.09864699840545654,0.9944009780883789,0.03789399936795235,0,0.19457000494003296,-0.05661800131201744,0.9792529940605164,0,-1.0412830114364624,5.116055011749268,0,1,0.7033960223197937,0.2702600061893463,-0.6574140191078186,0,0.24473699927330017,0.7762579917907715,0.5809720158576965,0,0.6673359870910645,-0.5695469975471497,0.47987401485443115,0,0.18398000299930573,6.19973611831665,0,1,0.9132369756698608,0.3243519961833954,0.24656200408935547,0,-0.29613998532295227,0.11281599849462509,0.9484590291976929,0,0.2798190116882324,-0.9391850233078003,0.19908200204372406,0,0,7.075955867767334,0.23825600743293762,1,0.9682289958000183,0.2315939962863922,0.09432099759578705,0,-0.18166300654411316,0.3922249972820282,0.9017530083656311,0,0.17184500396251678,-0.8902379870414734,0.4218350052833557,0,0.1452530026435852,8.270981788635254,0,1,0.9731090068817139,0.20616599917411804,0.1027349978685379,0,-0.17018799483776093,0.34294700622558594,0.9238089919090271,0,0.15522600710391998,-0.9164509773254395,0.3688119947910309,0,-0.18368400633335114,6.899418830871582,0,1,-0.3592810034751892,0.12396500259637833,0.9249590039253235,0,-0.8898149728775024,-0.34428998827934265,-0.29948800802230835,0,0.2813279926776886,-0.9306439757347107,0.2340019941329956,0,-8.183961868286133,13.263925552368164,-0.23862800002098083,1,0.9972090125083923,0.021971000358462334,0.07135599851608276,0,-0.0592929981648922,0.813850998878479,0.5780410170555115,0,-0.04537300020456314,-0.5806589722633362,0.8128820061683655,0,0,16.932416915893555,0,1,0.27877700328826904,-0.950098991394043,-0.13998599350452423,0,0.9583830237388611,0.2658950090408325,0.10393299907445908,0,-0.061524998396635056,-0.16313399374485016,0.9846839904785156,0,0,22.42294692993164,0,1,0.8531450033187866,-0.48429301381111145,0.19391900300979614,0,0.451555997133255,0.8716989755630493,0.19036099314689636,0,-0.261229008436203,-0.0748400017619133,0.9623709917068481,0,0,33.44632339477539,0,1,0.9483019709587097,-0.17550599575042725,0.26442500948905945,0,-0.10973899811506271,0.6004530191421509,0.7920939922332764,0,-0.297791987657547,-0.78016197681427,0.550150990486145,0,4.979205131530762,3.843290090560913,0,1,0.955070972442627,-0.10466200113296509,0.2772830128669739,0,0.16278499364852905,0.9670640230178833,-0.19567200541496277,0,-0.24767200648784637,0.23201799392700195,0.9406520128250122,0,0.7765089869499207,4.971682071685791,0,1,0.9518629908561707,0.09511800110340118,-0.2913939952850342,0,-0.16129499673843384,0.9638069868087769,-0.21227499842643738,0,0.2606559991836548,0.24905699491500854,0.9327530264854431,0,0.04032500088214874,6.484291076660156,0,1,0.990801990032196,-0.1035199984908104,-0.08714699745178223,0,0.1258160024881363,0.4676769971847534,0.8748990297317505,0,-0.04981299862265587,-0.8778160214424133,0.4763999879360199,0,0,7.823678016662598,0.08308099955320358,1,0.9714289903640747,-0.22116899490356445,-0.08608300238847733,0,0.17103999853134155,0.40095800161361694,0.8999879956245422,0,-0.16453300416469574,-0.8889979720115662,0.42733100056648254,0,-0.05889600142836571,8.570366859436035,0,1,0.984578013420105,-0.16467300057411194,-0.05906800180673599,0,0.13554200530052185,0.5045560002326965,0.8526729941368103,0,-0.11060900241136551,-0.8475300073623657,0.5190950036048889,0,0.09868700057268143,5.791942119598389,0,1,-0.615024983882904,-0.074754998087883,0.7849559783935547,0,0.73232102394104,-0.4232049882411957,0.533482015132904,0,0.2923170030117035,0.9029449820518494,0.31502699851989746,0,13.961853981018066,-5.866764068603516,0.1643040031194687,1,0.948399007320404,-0.1997860074043274,-0.24622300267219543,0,-0.11230400204658508,0.5145480036735535,-0.8500760197639465,0,0.2965260148048401,0.8338620066642761,0.4655599892139435,0,0,24.3056697845459,0,1,0.9468330144882202,-0.24541699886322021,-0.20803199708461761,0,0.31238898634910583,0.5466579794883728,0.776902973651886,0,-0.07694300264120102,-0.8005840182304382,0.5942599773406982,0,0,17.98106575012207,0,1,0.8765149712562561,0.022377999499440193,-0.48085400462150574,0,0.34145501255989075,0.6752079725265503,0.6538370251655579,0,0.3393079936504364,-0.7372879981994629,0.5841889977455139,0,0,14.638616561889648,0,1,-0.6636750102043152,0.5214470028877258,-0.5363100171089172,0,-0.660398006439209,-0.7451710104942322,0.09271200001239777,0,-0.3512980043888092,0.4157080054283142,0.8389139771461487,0,-13.961853981018066,-5.866764068603516,0.47316500544548035,1,0.992048978805542,-0.0001610000035725534,0.1258540004491806,0,0.09596099704504013,0.6479840278625488,-0.7555850148200989,0,-0.08143000304698944,0.7616540193557739,0.6428470015525818,0,0,24.301692962646484,0,1,0.7803360223770142,0.5299550294876099,0.3319999873638153,0,-0.41547200083732605,0.042548999190330505,0.9086099863052368,0,0.46739599108695984,-0.8469579815864563,0.253383994102478,0,0,18.005645751953125,0,1,0.9119579792022705,-0.015106000006198883,0.41000500321388245,0,-0.2909789979457855,0.6807010173797607,0.6722930073738098,0,-0.2892470061779022,-0.7324060201644897,0.6163750290870667,0,0,14.53553295135498,0,1
K0.033,0.5747739672660828,0.012842226773500443,0.8182110786437988,0,-0.14693324267864227,0.9852460026741028,0.08775287121534348,0,-0.8050130009651184,-0.17066112160682678,0.5681809186935425,0,0.39193883538246155,45.869384765625,-1.5170626640319824,1,0.9979249835014343,-0.030159801244735718,-0.05689080432057381,0,0.032981790602207184,0.9982370138168335,0.04934205114841461,0,0.055301815271377563,-0.051116038113832474,0.997160017490387,0,0,10.525012969970703,-0.7856240272521973,1,0.9990469813346863,0.03919791057705879,-0.019221952185034752,0,-0.038990914821624756,0.9991790056228638,0.011033839546144009,0,0.0196379441767931,-0.010273842141032219,0.999754011631012,0,0,12.313343048095703,0,1,0.9996280074119568,0.018891949206590652,-0.019648956134915352,0,-0.018973950296640396,0.9998120069503784,-0.004025111440569162,0,0.01956995390355587,0.004397109616547823,0.9997990131378174,0,0,14.072396278381348,0,1,0.9842990040779114,-0.024082042276859283,-0.17485904693603516,0,0.029752029106020927,0.999110996723175,0.02987791784107685,0,0.17398405075073242,-0.03461092710494995,0.9841399788856506,0,0,15.83143424987793,0,1,0.9068979620933533,-0.11680404841899872,-0.40483713150024414,0,0.08060000836849213,0.9911569952964783,-0.10541306436061859,0,0.4135701060295105,0.06296903640031815,0.9082919359207153,0,0,14.680304527282715,3.0676159858703613,1,0.14084786176681519,-0.029090870171785355,-0.9896039962768555,0,0.9280350804328918,-0.3442808985710144,0.1422058343887329,0,-0.34483787417411804,-0.938416063785553,-0.02149406261742115,0,8.183961868286133,13.256951332092285,-0.14518800377845764,1,0.9643816947937012,0.23280690610408783,0.12557247281074524,0,-0.2645134925842285,0.8479512929916382,0.4593600332736969,0,0.00046340894186869264,-0.4762144982814789,0.8793291449546814,0,0,16.932416915893555,0,1,0.18406237661838531,0.8191681504249573,0.5432158708572388,0,-0.9804440140724182,0.19217181205749512,0.04241698607802391,0,-0.06964350491762161,-0.5404003858566284,0.8385211229324341,0,0,22.398244857788086,0,1,0.9528158903121948,0.04613813757896423,-0.30002298951148987,0,-0.03567187115550041,0.9985518455505371,0.04027198627591133,0,0.30144715309143066,-0.027669662609696388,0.9530808925628662,0,0,33.47169494628906,0,1,0.8672000169754028,0.4926440119743347,-0.072564996778965,0,-0.3629409968852997,0.7250900268554688,0.5852500200271606,0,0.34093600511550903,-0.4811919927597046,0.8075990080833435,0,-4.7578630447387695,4.466963768005371,-0.000003999999989900971,1,0.9759160280227661,-0.08922699838876724,-0.19906599819660187,0,0.09864699840545654,0.9944009780883789,0.03789399936795235,0,0.19457000494003296,-0.05661800131201744,0.9792529940605164,0,-1.0412830114364624,5.116055011749268,0,1,0.7033960223197937,0.2702609896659851,-0.6574140191078186,0,0.24473699927330017,0.7762579917907715,0.5809720158576965,0,0.6673359870910645,-0.5695469975471497,0.47987401485443115,0,0.18398000299930573,6.19973611831665,0,1,0.9132369756698608,0.3243519961833954,0.24656200408935547,0,-0.29613998532295227,0.11281599849462509,0.9484590291976929,0,0.2798190116882324,-0.9391850233078003,0.19908200204372406,0,0,7.075955867767334,0.23825600743293762,1,0.9682289958000183,0.2315939962863922,0.09432099759578705,0,-0.18166300654411316,0.3922249972820282,0.9017530083656311,0,0.17184500396251678,-0.8902379870414734,0.4218359887599945,0,0.1452530026435852,8.270981788635254,0,1,0.9731090068817139,0.20616699755191803,0.1027349978685379,0,-0.17018799483776093,0.34294599294662476,0.9238089919090271,0,0.15522600710391998,-0.9164509773254395,0.3688110113143921,0,-0.18368400633335114,6.899418830871582,0,1,-0.27317914366722107,0.12462183833122253,0.9538562297821045,0,-0.9282382726669312,-0.2944035232067108,-0.22737827897071838,0,0.25248271226882935,-0.9475211501121521,0.1961035430431366,0,-8.183961868286133,13.263925552368164,-0.23862800002098083,1,0.9990009665489197,0.0441618412733078,-0.006903931498527527,0,-0.03325340896844864,0.8375012874603271,0.5454235076904297,0,0.029868707060813904,-0.5446485877037048,0.8381322622299194,0,0,16.932416915893555,0,1,0.18347510695457458,-0.893709659576416,-0.4094129502773285,0,0.9824141263961792,0.1520269811153412,0.10839992761611938,0,-0.03463626280426979,-0.4221018850803375,0.9058865308761597,0,0,22.42294692993164,0,1,0.9160942435264587,-0.27808085083961487,0.28886353969573975,0,0.2220991849899292,0.9517315030097961,0.21184459328651428,0,-0.33383113145828247,-0.12991324067115784,0.9336380362510681,0,0,33.44632339477539,0,1,0.9483019709587097,-0.17550599575042725,0.26442500948905945,0,-0.10973899811506271,0.6004539728164673,0.7920939922332764,0,-0.297791987657547,-0.78016197681427,0.5501520037651062,0,4.979205131530762,3.843290090560913,0,1,0.9550700187683105,-0.10466200113296509,0.27728399634361267,0,0.16278600692749023,0.9670640230178833,-0.19567200541496277,0,-0.24767200648784637,0.23201799392700195,0.9406520128250122,0,0.7765089869499207,4.971682071685791,0,1,0.9518629908561707,0.09511800110340118,-0.2913930118083954,0,-0.16129499673843384,0.9638069868087769,-0.21227499842643738,0,0.2606559991836548,0.24905699491500854,0.9327539801597595,0,0.04032500088214874,6.484291076660156,0,1,0.990801990032196,-0.1035199984908104,-0.08714699745178223,0,0.12581700086593628,0.4676769971847534,0.8748990297317505,0,-0.04981299862265587,-0.8778160214424133,0.4763999879360199,0,0,7.823678016662598,0.08308099955320358,1,0.9714289903640747,-0.22116799652576447,-0.08608300238847733,0,0.17103999853134155,0.40095800161361694,0.8999879956245422,0,-0.16453300416469574,-0.8889979720115662,0.42733100056648254,0,-0.05889600142836571,8.570366859436035,0,1,0.984578013420105,-0.16467300057411194,-0.059066999703645706,0,0.13554200530052185,0.5045560002326965,0.8526729941368103,0,-0.11060900241136551,-0.8475300073623657,0.5190939903259277,0,0.09868700057268143,5.791942119598389,0,1,-0.6225691437721252,-0.06051481142640114,0.7802209258079529,0,0.7148247361183167,-0.44973424077033997,0.5355040431022644,0,0.3184862732887268,0.8911098837852478,0.3232480585575104,0,13.961853981018066,-5.866764068603516,0.1643040031194687,1,0.9538280367851257,-0.17896081507205963,-0.24121393263339996,0,-0.10955499112606049,0.5404731035232544,-0.8341979384422302,0,0.2796578109264374,0.8221079111099243,0.49591317772865295,0,0,24.3056697845459,0,1,0.944133996963501,-0.2566870152950287,-0.20669500529766083,0,0.31900903582572937,0.5543699860572815,0.7687050104141235,0,-0.08273102343082428,-0.7916979789733887,0.6052849888801575,0,0,17.98106575012207,0,1,0.8765149712562561,0.022377999499440193,-0.48085400462150574,0,0.34145399928092957,0.6752089858055115,0.6538370251655579,0,0.3393079936504364,-0.7372869849205017,0.5841889977455139,0,0,14.638616561889648,0,1,-0.6544608473777771,0.5275891423225403,-0.5415990352630615,0,-0.6846012473106384,-0.7175406813621521,0.12828224897384644,0,-0.32093971967697144,0.4547353684902191,0.8307908773422241,0,-13.961853981018066,-5.866764068603516,0.47316500544548035,1,0.9912629723548889,0.0059970379807055,0.13176704943180084,0,0.09979703277349472,0.6191169023513794,-0.7789320945739746,0,-0.08625103533267975,0.7852761149406433,0.6131088137626648,0,0,24.301692962646484,0,1,0.7803469300270081,0.5271760821342468,0.33636805415153503,0,-0.4137580692768097,0.0319419763982296,0.9098259210586548,0,0.4688950479030609,-0.8491549491882324,0.24305003881454468,0,0,18.005645751953125,0,1,0.9119579792022705,-0.015106000937521458,0.41000500321388245,0,-0.2909789979457855,0.6807010173797607,0.6722930073738098,0,-0.2892470061779022,-0.7324060201644897,0.6163750290870667,0,0,14.53553295135498,0,1
K0.067,0.5658730864524841,0.03547077625989914,0.8237289190292358,0,-0.17065076529979706,0.9824789762496948,0.07492412626743317,0,-0.8066390156745911,-0.18296688795089722,0.5620120763778687,0,0.5760701298713684,45.894954681396484,-1.4819433689117432,1,0.9992499947547913,-0.010281197726726532,-0.037325192242860794,0,0.012306205928325653,0.9984409809112549,0.054444946348667145,0,0.03670818731188774,-0.054862961173057556,0.9978190064430237,0,0,10.525012969970703,-0.7856240272521973,1,0.9994360208511353,0.03039608709514141,-0.014294049702584743,0,-0.03047008439898491,0.9995229840278625,-0.004986840765923262,0,0.014136054553091526,0.005419843830168247,0.9998850226402283,0,0,12.313343048095703,0,1,0.9997910261154175,0.013780050911009312,-0.015125044621527195,0,-0.014009049162268639,0.9997869729995728,-0.015137889422476292,0,0.014913046732544899,0.01534689124673605,0.999770998954773,0,0,14.072396278381348,0,1,0.983443021774292,-0.028322957456111908,-0.17898795008659363,0,0.03270997107028961,0.9992309808731079,0.021601082757115364,0,0.17823895812034607,-0.027098074555397034,0.9836140275001526,0,0,15.83143424987793,0,1,0.9008010625839233,-0.12144395709037781,-0.41690388321876526,0,0.08163299411535263,0.9903380274772644,-0.11210193485021591,0,0.4264898896217346,0.06694795936346054,0.9020110368728638,0,0,14.680304527282715,3.0676159858703613,1,0.12810711562633514,-0.01605113036930561,-0.9916300177574158,0,0.9340339303016663,-0.33419308066368103,0.1260751634836197,0,-0.33342012763023376,-0.9423679113388062,-0.027819937095046043,0,8.183961868286133,13.256951332092285,-0.14518800377845764,1,0.9356802701950073,0.223345085978508,0.2731655538082123,0,-0.31522348523139954,0.8769657015800476,0.36271995306015015,0,-0.1585444211959839,-0.42549851536750793,0.8909628987312317,0,0,16.932416915893555,0,1,0.42122966051101685,0.7369628548622131,0.5286310911178589,0,-0.8798310160636902,0.4735181927680969,0.040948014706373215,0,-0.2201395034790039,-0.4823545515537262,0.8478628993034363,0,0,22.398244857788086,0,1,0.9406561255455017,0.15985587239265442,-0.2993539869785309,0,-0.12278813868761063,0.9826631546020508,0.1389090120792389,0,0.3163698613643646,-0.09390834718942642,0.943976104259491,0,0,33.47169494628906,0,1,0.8672000169754028,0.4926440119743347,-0.072564996778965,0,-0.3629409968852997,0.7250900268554688,0.5852500200271606,0,0.34093600511550903,-0.4811919927597046,0.8075990080833435,0,-4.7578630447387695,4.466963768005371,-0.000003999999989900971,1,0.9759160280227661,-0.08922799676656723,-0.19906599819660187,0,0.09864699840545654,0.9944009780883789,0.03789399936795235,0,0.19457000494003296,-0.05661899968981743,0.9792529940605164,0,-1.0412830114364624,5.116055011749268,0,1,0.7033960223197937,0.2702609896659851,-0.6574140191078186,0,0.24473699927330017,0.7762579917907715,0.5809710025787354,0,0.6673359870910645,-0.5695459842681885,0.47987401485443115,0,0.18398000299930573,6.19973611831665,0,1,0.9132369756698608,0.32435300946235657,0.24656200408935547,0,-0.29613998532295227,0.11281599849462509,0.9484590291976929,0,0.2798190116882324,-0.9391850233078003,0.19908200204372406,0,0,7.075955867767334,0.23825600743293762,1,0.9682289958000183,0.2315939962863922,0.09432200342416763,0,-0.18166300654411316,0.3922249972820282,0.9017530083656311,0,0.17184500396251678,-0.8902379870414734,0.4218350052833557,0,0.1452530026435852,8.270981788635254,0,1,0.9731090068817139,0.20616599917411804,0.1027349978685379,0,-0.17018799483776093,0.34294599294662476,0.9238089919090271,0,0.15522600710391998,-0.9164509773254395,0.3688110113143921,0,-0.18368400633335114,6.899418830871582,0,1,-0.18763984739780426,0.1085471585392952,0.9762217402458191,0,-0.9563466906547546,-0.24688047170639038,-0.1563687026500702,0,0.2240372896194458,-0.9629468321800232,0.15013346076011658,0,-8.183961868286133,13.263925552368164,-0.23862800002098083,1,0.99459308385849,0.027999160811305046,-0.10000207275152206,0,0.025943411514163017,0.8654407262802124,0.5003394484519958,0,0.10055530071258545,-0.5002284049987793,0.8600347638130188,0,0,16.932416915893555,0,1,0.09479887783527374,-0.857279360294342,-0.5060490369796753,0,0.9936128854751587,0.05022501200437546,0.10105007141828537,0,-0.061211735010147095,-0.5123960971832275,0.8565654754638672,0,0,22.42294692993164,0,1,0.9377107620239258,-0.06305614113807678,0.3416474759578705,0,0.04060680419206619,0.9965425729751587,0.07247438281774521,0,-0.3450358808040619,-0.05408775433897972,0.9370299577713013,0,0,33.44632339477539,0,1,0.9483019709587097,-0.17550599575042725,0.26442500948905945,0,-0.10973899811506271,0.6004539728164673,0.7920939922332764,0,-0.297791987657547,-0.78016197681427,0.5501520037651062,0,4.979205131530762,3.843290090560913,0,1,0.955070972442627,-0.10466200113296509,0.27728399634361267,0,0.16278499364852905,0.9670640230178833,-0.19567200541496277,0,-0.24767200648784637,0.23201900720596313,0.9406520128250122,0,0.7765089869499207,4.971682071685791,0,1,0.9518629908561707,0.09511800110340118,-0.2913939952850342,0,-0.16129499673843384,0.9638069868087769,-0.21227499842643738,0,0.2606559991836548,0.24905699491500854,0.9327530264854431,0,0.04032500088214874,6.484291076660156,0,1,0.990801990032196,-0.1035199984908104,-0.08714699745178223,0,0.1258160024881363,0.4676769971847534,0.8748990297317505,0,-0.04981299862265587,-0.8778160214424133,0.4763999879360199,0,0,7.823678016662598,0.08308099955320358,1,0.9714289903640747,-0.22116899490356445,-0.08608300238847733,0,0.17103999853134155,0.4009590148925781,0.8999879956245422,0,-0.16453400254249573,-0.8889970183372498,0.42733100056648254,0,-0.05889600142836571,8.570366859436035,0,1,0.984578013420105,-0.16467300057411194,-0.05906800180673599,0,0.13554200530052185,0.5045560002326965,0.8526729941368103,0,-0.11060900241136551,-0.8475300073623657,0.5190939903259277,0,0.09868700057268143,5.791942119598389,0,1,-0.6328938603401184,-0.04141419008374214,0.7731300592422485,0,0.6935262680053711,-0.4742417633533478,0.542324960231781,0,0.34418973326683044,0.8794201016426086,0.3288669288158417,0,13.961853981018066,-5.866764068603516,0.1643040031194687,1,0.9590069651603699,-0.16066618263721466,-0.23343707621097565,0,-0.10844900459051132,0.5529638528823853,-0.8261170387268066,0,0.26181116700172424,0.8175680637359619,0.5128718018531799,0,0,24.3056697845459,0,1,0.9433280229568481,-0.25976696610450745,-0.2065259963274002,0,0.32076796889305115,0.5541509985923767,0.7681310176849365,0,-0.08508797734975815,-0.7908459901809692,0.6060709953308105,0,0,17.98106575012207,0,1,0.8765149712562561,0.022377999499440193,-0.48085400462150574,0,0.34145501255989075,0.6752079725265503,0.6538370251655579,0,0.3393079936504364,-0.7372879981994629,0.5841889977455139,0,0,14.638616561889648,0,1,-0.6379851698875427,0.5384498834609985,-0.5504969358444214,0,-0.7112197875976562,-0.6860752701759338,0.1531907469034195,0,-0.2951962649822235,0.4892576336860657,0.8206611275672913,0,-13.961853981018066,-5.866764068603516,0.47316500544548035,1,0.9906129837036133,0.009817961603403091,0.13634395599365234,0,0.10270997136831284,0.6047230958938599,-0.7897849082946777,0,-0.09020396322011948,0.7963748574256897,0.5980381965637207,0,0,24.301692962646484,0,1,0.7734660506248474,0.5339749455451965,0.34149694442749023,0,-0.4208829402923584,0.029833020642399788,0.9066240787506104,0,0.47392693161964417,-0.844973087310791,0.24781595170497894,0,0,18.005645751953125,0,1,0.9119529724121094,-0.015182998962700367,0.41001400351524353,0,-0.2909809947013855,0.6805930137634277,0.6724010109901428,0,-0.28926199674606323,-0.7325040102005005,0.6162509918212891,0,0,14.53553295135498,0,1
K0.100,0.5555899739265442,0.05755100026726723,0.8294619917869568,0,-0.19368299841880798,0.9791160225868225,0.06179799884557724,0,-0.8085830211639404,-0.1949869990348816,0.5551339983940125,0,0.8307409882545471,45.879295349121094,-1.2558820247650146,1,0.999925971031189,0.007700999267399311,-0.009389000944793224,0,-0.00705299898982048,0.9977089762687683,0.0672760009765625,0,0.009886001236736774,-0.06720499694347382,0.9976900219917297,0,0,10.525012969970703,-0.7856240272521973,1,0.9998040199279785,0.018717000260949135,-0.00646200031042099,0,-0.01878499984741211,0.999767005443573,-0.010648000054061413,0,0.006261000409722328,0.010768000036478043,0.999921977519989,0,0,12.313343048095703,0,1,0.9999589920043945,0.004220000468194485,-0.007964000105857849,0,-0.004353000316768885,0.9998499751091003,-0.01675800047814846,0,0.007891999557614326,0.016791999340057373,0.9998279809951782,0,0,14.072396278381348,0,1,0.982001006603241,-0.03542099893093109,-0.1855269968509674,0,0.037473998963832855,0.9992690086364746,0.0075710006058216095,0,0.1851229965686798,-0.014387001283466816,0.9826099872589111,0,0,15.83143424987793,0,1,0.8904100060462952,-0.1295579969882965,-0.43633198738098145,0,0.0831729993224144,0.9888060092926025,-0.1238740012049675,0,0.44749701023101807,0.07400800287723541,0.8912180066108704,0,0,14.680304527282715,3.0676159858703613,1,0.11643700301647186,-0.0037010004743933678,-0.9931910037994385,0,0.9394639730453491,-0.32405000925064087,0.11134599894285202,0,-0.3222559988498688,-0.9460330009460449,-0.03425399959087372,0,8.183961868286133,13.256951332092285,-0.14518800377845764,1,0.8843280076980591,0.21483400464057922,0.41449999809265137,0,-0.34188899397850037,0.9025949835777283,0.26159998774528503,0,-0.31792500615119934,-0.37305301427841187,0.8716390132904053,0,0,16.932416915893555,0,1,0.6168990135192871,0.5845749974250793,0.5269799828529358,0,-0.7026839852333069,0.710677981376648,0.03423500061035156,0,-0.3544999957084656,-0.39142000675201416,0.8491880297660828,0,0,22.398244857788086,0,1,0.9203460216522217,0.27702099084854126,-0.2760840058326721,0,-0.2130959928035736,0.9471079707145691,0.2399519979953766,0,0.3279539942741394,-0.16200700402259827,0.9306989908218384,0,0,33.47169494628906,0,1,0.8672000169754028,0.4926440119743347,-0.072564996778965,0,-0.3629409968852997,0.7250909805297852,0.5852500200271606,0,0.34093600511550903,-0.4811919927597046,0.8075990080833435,0,-4.7578630447387695,4.466963768005371,-0.000003999999989900971,1,0.9759160280227661,-0.08922699838876724,-0.19906599819660187,0,0.09864699840545654,0.9944009780883789,0.03789399936795235,0,0.19457000494003296,-0.05661899968981743,0.9792529940605164,0,-1.0412830114364624,5.116055011749268,0,1,0.7033960223197937,0.2702600061893463,-0.6574140191078186,0,0.24473699927330017,0.7762579917907715,0.5809710025787354,0,0.6673359870910645,-0.5695459842681885,0.47987401485443115,0,0.18398000299930573,6.19973611831665,0,1,0.9132369756698608,0.3243519961833954,0.24656200408935547,0,-0.29613998532295227,0.11281599849462509,0.9484580159187317,0,0.2798190116882324,-0.9391850233078003,0.19908200204372406,0,0,7.075955867767334,0.23825600743293762,1,0.9682289958000183,0.2315939962863922,0.09432099759578705,0,-0.18166300654411316,0.3922240138053894,0.9017530083656311,0,0.17184500396251678,-0.8902379870414734,0.4218350052833557,0,0.1452530026435852,8.270981788635254,0,1,0.9731090068817139,0.20616699755191803,0.1027349978685379,0,-0.17018799483776093,0.34294599294662476,0.9238089919090271,0,0.15522600710391998,-0.9164509773254395,0.3688110113143921,0,-0.18368400633335114,6.899418830871582,0,1,-0.10710100084543228,0.07863499969244003,0.991133987903595,0,-0.9762660264968872,-0.197052001953125,-0.08986099809408188,0,0.1882389932870865,-0.9772340059280396,0.09787300229072571,0,-8.183961868286133,13.263925552368164,-0.23862800002098083,1,0.9862899780273438,-0.00911999773234129,-0.1647689938545227,0,0.08020400255918503,0.8991029858589172,0.43032801151275635,0,0.1442199945449829,-0.43764299154281616,0.8875070214271545,0,0,16.932416915893555,0,1,0.034098003059625626,-0.8369320034980774,-0.5462430119514465,0,0.9959660172462463,-0.016931995749473572,0.08811400085687637,0,-0.0829939991235733,-0.5470449924468994,0.8329790234565735,0,0,22.42294692993164,0,1,0.9401490092277527,0.06355499476194382,0.33478400111198425,0,-0.0614829957485199,0.997967004776001,-0.01679299585521221,0,-0.3351700007915497,-0.004795002285391092,0.9421449899673462,0,0,33.44632339477539,0,1,0.9483019709587097,-0.17550599575042725,0.26442500948905945,0,-0.10973899811506271,0.6004539728164673,0.7920939922332764,0,-0.297791987657547,-0.78016197681427,0.550150990486145,0,4.979205131530762,3.843290090560913,0,1,0.955070972442627,-0.10466200113296509,0.2772830128669739,0,0.16278600692749023,0.9670640230178833,-0.19567200541496277,0,-0.2476709932088852,0.23201799392700195,0.9406520128250122,0,0.7765089869499207,4.971682071685791,0,1,0.9518629908561707,0.09511800110340118,-0.2913930118083954,0,-0.16129499673843384,0.9638069868087769,-0.21227499842643738,0,0.2606559991836548,0.24905699491500854,0.9327530264854431,0,0.04032500088214874,6.484291076660156,0,1,0.990801990032196,-0.1035199984908104,-0.08714800328016281,0,0.12581700086593628,0.4676769971847534,0.8748990297317505,0,-0.04981299862265587,-0.8778160214424133,0.4763999879360199,0,0,7.823678016662598,0.08308099955320358,1,0.9714289903640747,-0.22116899490356445,-0.08608300238847733,0,0.17103999853134155,0.4009590148925781,0.8999879956245422,0,-0.16453300416469574,-0.8889979720115662,0.42733100056648254,0,-0.05889600142836571,8.570366859436035,0,1,0.984578013420105,-0.16467300057411194,-0.059066999703645706,0,0.13554200530052185,0.5045560002326965,0.8526729941368103,0,-0.11060900241136551,-0.8475300073623657,0.5190950036048889,0,0.09868700057268143,5.791942119598389,0,1,-0.6511549949645996,-0.040761999785900116,0.7578489780426025,0,0.6728349924087524,-0.4929890036582947,0.551593005657196,0,0.3511269986629486,0.8690800070762634,0.3484390079975128,0,13.961853981018066,-5.866764068603516,0.1643040031194687,1,0.9661530256271362,-0.1420239955186844,-0.21535299718379974,0,-0.1019589975476265,0.5565980076789856,-0.8245019912719727,0,0.23696400225162506,0.8185520172119141,0.523277997970581,0,0,24.3056697845459,0,1,0.938975989818573,-0.27254000306129456,-0.20987099409103394,0,0.3313179910182953,0.5525400042533875,0.7648059725761414,0,-0.09247799962759018,-0.7876690030097961,0.6091189980506897,0,0,17.98106575012207,0,1,0.8734490275382996,0.03727100044488907,-0.48548799753189087,0,0.3395549952983856,0.6679970026016235,0.6621800065040588,0,0.3489849865436554,-0.7432299852371216,0.570805013179779,0,0,14.638616561889648,0,1,-0.6171259880065918,0.5513460040092468,-0.5614029765129089,0,-0.7389000058174133,-0.6513429880142212,0.1725669950246811,0,-0.27052098512649536,0.5213159918785095,0.8093500137329102,0,-13.961853981018066,-5.866764068603516,0.47316500544548035,1,0.9898229837417603,0.013793000020086765,0.14163699746131897,0,0.10509700328111649,0.6002029776573181,-0.792913019657135,0,-0.0959480032324791,0.7997289896011353,0.592644989490509,0,0,24.301692962646484,0,1,0.762660026550293,0.5467100143432617,0.3456270098686218,0,-0.433025985956192,0.034644000232219696,0.9007149934768677,0,0.48045700788497925,-0.8366050124168396,0.2631610035896301,0,0,18.005645751953125,0,1,0.9119470119476318,-0.015263999812304974,0.4100239872932434,0,-0.2909820079803467,0.6804789900779724,0.6725159883499146,0,-0.2892780005931854,-0.73260897397995,0.6161190271377563,0,0,14.53553295135498,0,1
