3.900,30,117,41
B0,mixamorig_Hips,-1,0.7864835858345032,0.009437466971576214,0.617114782333374,0,-0.07118785381317139,0.9943312406539917,0.07625174522399902,0,-0.6129701733589172,-0.10400152206420898,0.782650887966156,0,0.005061337258666754,47.09658432006836,-1.6519447565078735,1
B1,mixamorig_Spine,0,0.9964135885238647,-0.08375003933906555,0.010770509019494057,0,0.08040665090084076,0.9800478219985962,0.18001145124435425,0,-0.025765860453248024,-0.17848888039588928,0.9832956194877625,0,0,10.525012969970703,-0.7856240272521973,1
B2,mixamorig_Spine1,1,0.9998157620429993,0.018626518547534943,0.001440020278096199,0,-0.018655836582183838,0.9995187520980835,0.023426098749041557,0,-0.001033615437336266,-0.02344922535121441,0.999701976776123,0,0,12.313343048095703,0,1
B3,mixamorig_Spine2,2,0.9999761581420898,0.005750901065766811,0.001193829346448183,0,-0.005766357760876417,0.9998593330383301,0.013420633971691132,0,-0.0011434969492256641,-0.01342733670026064,0.9998812079429626,0,0,14.072396278381348,0,1
B4,mixamorig_Neck,3,0.9940181970596313,-0.0420638807117939,-0.10044162720441818,0,0.04792613163590431,0.9971781373023987,0.05533397197723389,0,0.09785553812980652,-0.05980552360415459,0.9932296872138977,0,0,15.83143424987793,0,1
B5,mixamorig_Head,4,0.9775776863098145,-0.07281994819641113,-0.19629396498203278,0,0.05011972784996033,0.9887663722038269,-0.1244945079088211,0,0.2035209983587265,0.11196085810661316,0.9701890349388123,0,0,14.680304527282715,3.0676159858703613,1
B6,mixamorig_HeadTop_End,5,1,0,0,0,0,1,0,0,0,0,1,0,0,52.596832275390625,10.990701675415039,1
B7,mixamorig_LeftShoulder,3,0.16899718344211578,-0.022214656695723534,-0.9850546717643738,0,0.9179163575172424,-0.35935238003730774,0.16580350697040558,0,-0.3576631247997284,-0.9327426552772522,-0.03992384672164917,0,8.183961868286133,13.256951332092285,-0.14518800377845764,1
B8,mixamorig_LeftArm,7,0.9170507788658142,-0.222496896982193,-0.33048880100250244,0,0.37170737981796265,0.7744738459587097,0.5112453103065491,0,0.1422976553440094,-0.5917952060699463,0.792870819568634,0,0,16.932416915893555,0,1
B9,mixamorig_LeftForeArm,8,-0.4963533878326416,0.7770450711250305,0.38398703932762146,0,-0.8645274639129639,-0.47650304436683655,-0.1527407020330429,0,0.06347237527370453,-0.4086149334907532,0.9102600812911987,0,0,22.398244857788086,0,1
B10,mixamorig_LeftHand,9,0.9133750796318054,-0.07029132544994354,-0.4008931815624237,0,0.3534592092037201,0.6207786202430725,0.6955316066741943,0,0.199406698346138,-0.7770125269889832,0.5921106934547424,0,0,33.47169494628906,0,1
B11,mixamorig_LeftHandThumb1,10,0.8672000169754028,0.4926440119743347,-0.072564996778965,0,-0.3629409968852997,0.7250906825065613,0.5852500200271606,0,0.3409362733364105,-0.4811919927597046,0.8075990080833435,0,-4.7578630447387695,4.466963768005371,-0.000003999999989900971,1
B12,mixamorig_LeftHandThumb2,11,0.9759160280227661,-0.08922699838876724,-0.19906528294086456,0,0.09864699840545654,0.9944009780883789,0.03789399936795235,0,0.19457000494003296,-0.05661800131201744,0.9792529940605164,0,-1.0412830114364624,5.116055011749268,0,1
B13,mixamorig_LeftHandThumb3,12,0.7033960223197937,0.2702607214450836,-0.6574140191078186,0,0.24473628401756287,0.7762579917907715,0.5809713006019592,0,0.6673359870910645,-0.5695462822914124,0.47987401485443115,0,0.18398000299930573,6.19973611831665,0,1
B14,mixamorig_LeftHandThumb4,13,1,0,0,0,0,1,0,0,0,0,1,0,0.8573030233383179,4.033854007720947,0,1
B15,mixamorig_LeftHandIndex1,10,0.9132369756698608,0.32435229420661926,0.24656200408935547,0,-0.29613998532295227,0.11281599849462509,0.9484583139419556,0,0.2798190116882324,-0.9391850233078003,0.19908171892166138,0,0,7.075955867767334,0.23825600743293762,1
B16,mixamorig_LeftHandIndex2,15,0.9682289958000183,0.2315939962863922,0.09432099759578705,0,-0.18166300654411316,0.3922249972820282,0.9017530083656311,0,0.17184500396251678,-0.8902379870414734,0.4218359887599945,0,0.1452530026435852,8.270981788635254,0,1
B17,mixamorig_LeftHandIndex3,16,0.9731090068817139,0.20616599917411804,0.1027349978685379,0,-0.17018799483776093,0.34294629096984863,0.9238089919090271,0,0.15522600710391998,-0.9164509773254395,0.3688110113143921,0,-0.18368400633335114,6.899418830871582,0,1
B18,mixamorig_LeftHandIndex4,17,1,0,0,0,0,1,0,0,0,0,1,0,0.03843099996447563,4.820864200592041,0,1
B19,mixamorig_RightShoulder,3,-0.2743169963359833,0.0715339183807373,0.9582234621047974,0,-0.9132415652275085,-0.3292590081691742,-0.23665592074394226,0,0.29841089248657227,-0.9413310885429382,0.156320258975029,0,-8.183961868286133,13.263925552368164,-0.23862800002098083,1
B20,mixamorig_RightArm,19,0.9737854599952698,-0.0735318660736084,0.2150174081325531,0,-0.05392960458993912,0.8444837927818298,0.5326023697853088,0,-0.220869243144989,-0.5302183628082275,0.8184326887130737,0,0,16.932416915893555,0,1
B21,mixamorig_RightForeArm,20,0.35747626423835754,-0.9276280403137207,-0.10533570498228073,0,0.9336332082748413,0.3568769097328186,0.026683049276471138,0,0.012592630460858345,-0.10809046775102615,0.9938477277755737,0,0,22.42294692993164,0,1
B22,mixamorig_RightHand,21,0.8795335292816162,0.3672177493572235,0.29279714822769165,0,-0.413967102766037,0.8998885750770569,0.11484070122241974,0,-0.22309552133083344,-0.22254835069179535,0.9489458799362183,0,0,33.44632339477539,0,1
B23,mixamorig_RightHandThumb1,22,0.9483019709587097,-0.17550599575042725,0.26442500948905945,0,-0.10973971337080002,0.6004539728164673,0.7920939922332764,0,-0.2977927029132843,-0.78016197681427,0.5501512885093689,0,4.979205131530762,3.843290090560913,0,1
B24,mixamorig_RightHandThumb2,23,0.9550706744194031,-0.10466200113296509,0.27728399634361267,0,0.16278600692749023,0.9670640230178833,-0.19567272067070007,0,-0.24767129123210907,0.23201900720596313,0.9406520128250122,0,0.7765089869499207,4.971682071685791,0,1
B25,mixamorig_RightHandThumb3,24,0.9518629908561707,0.09511800110340118,-0.2913932800292969,0,-0.16129499673843384,0.9638069868087769,-0.21227499842643738,0,0.2606559991836548,0.24905699491500854,0.9327539801597595,0,0.04032500088214874,6.484291076660156,0,1
B26,mixamorig_RightHandThumb4,25,1,0,0,0,0,1,0,0,0,0,1,0,-0.8168330192565918,4.664699077606201,0,1
B27,mixamorig_RightHandIndex1,22,0.990801990032196,-0.1035199984908104,-0.08714699745178223,0,0.1258160024881363,0.4676769971847534,0.8748990297317505,0,-0.04981299862265587,-0.8778163194656372,0.4763999879360199,0,0,7.823678016662598,0.08308099955320358,1
B28,mixamorig_RightHandIndex2,27,0.9714289903640747,-0.22116899490356445,-0.08608300238847733,0,0.17103999853134155,0.40095800161361694,0.8999879956245422,0,-0.16453300416469574,-0.8889979720115662,0.42733100056648254,0,-0.05889600142836571,8.570366859436035,0,1
B29,mixamorig_RightHandIndex3,28,0.984578013420105,-0.16467300057411194,-0.059066999703645706,0,0.13554200530052185,0.5045560002326965,0.8526729941368103,0,-0.11060900241136551,-0.8475300073623657,0.519094705581665,0,0.09868700057268143,5.791942119598389,0,1
B30,mixamorig_RightHandIndex4,29,1,0,0,0,0,1,0,0,0,0,1,0,-0.03979099914431572,4.182465076446533,0,1
B31,mixamorig_LeftUpLeg,0,-0.7559637427330017,-0.05117984488606453,0.6516560912132263,0,0.5881179571151733,-0.4883539080619812,0.6438612937927246,0,0.2852863371372223,0.8711247444152832,0.39946624636650085,0,13.961853981018066,-5.866764068603516,0.1643040031194687,1
B32,mixamorig_LeftLeg,31,0.9251954555511475,-0.2743978798389435,-0.2610979974269867,0,0.01680903509259224,0.7182652354240417,-0.6931605935096741,0,0.378947913646698,0.6367347836494446,0.669297993183136,0,0,24.3056697845459,0,1
B33,mixamorig_LeftFoot,32,0.9641714692115784,-0.1948278397321701,-0.1775617003440857,0,0.26370328664779663,0.7660838961601257,0.5815181136131287,0,0.024027977138757706,-0.6076031923294067,0.7902694940567017,0,0,17.98106575012207,0,1
B34,mixamorig_LeftToeBase,33,0.8791781663894653,0.03643842041492462,-0.47490978240966797,0,0.33804166316986084,0.6542164087295532,0.6758719682693481,0,0.3357079327106476,-0.7548514008522034,0.5628002285957336,0,0,14.638616561889648,0,1
B35,mixamorig_LeftToe_End,34,1,0,0,0,0,1,0,0,0,0,1,0,0,5.677577018737793,0,1
B36,mixamorig_RightUpLeg,0,-0.6892248392105103,0.5443629026412964,-0.47386863827705383,0,-0.5035586357116699,-0.8311567306518555,-0.2197687029838562,0,-0.5172781348228455,0.09050753712654114,0.8486230969429016,0,-13.961853981018066,-5.866764068603516,0.47316500544548035,1
B37,mixamorig_RightLeg,36,0.9835385084152222,-0.15992428362369537,-0.0811571553349495,0,0.07811586558818817,0.7886104583740234,-0.6046603918075562,0,0.16243310272693634,0.5883325934410095,0.7884015440940857,0,0,24.301692962646484,0,1
B38,mixamorig_RightFoot,37,0.741184413433075,0.5803163051605225,0.32616549730300903,0,-0.43907788395881653,0.050967078655958176,0.8955039978027344,0,0.5016218423843384,-0.8079890012741089,0.294230580329895,0,0,18.005645751953125,0,1
B39,mixamorig_RightToeBase,38,0.9171667695045471,-0.022479888051748276,0.39770713448524475,0,-0.2816885709762573,0.6691232919692993,0.6875079274177551,0,-0.2817152142524719,-0.7426963448524475,0.6073694825172424,0,0,14.53553295135498,0,1
B40,mixamorig_RightToe_End,39,1,0,0,0,0,1,0,0,0,0,1,0,0,5.66837215423584,0,1
@34,0,1,2,3,4,5,7,8,9,10,11,12,13,15,16,17,19,20,21,22,23,24,25,27,28,29,31,32,33,34,36,37,38,39
K0.000,0.584604024887085,-0.008747999556362629,0.8112710118293762,0,-0.12424100190401077,0.9871829748153687,0.1001729965209961,0,-0.8017489910125732,-0.15935400128364563,0.5760239958763123,0,0.27325400710105896,45.819034576416016,-1.2942190170288086,1,0.9965909719467163,-0.051284000277519226,-0.06463000178337097,0,0.05465799942612648,0.997173011302948,0.051552001386880875,0,0.06180400028824806,-0.05490899831056595,0.9965770244598389,0,0,10.525012969970703,-0.7856240272521973,1,0.9988700151443481,0.04274800047278404,-0.020786000415682793,0,-0.04228900000452995,0.9988620281219482,0.02204499952495098,0,0.02170499972999096,-0.02114100009202957,0.9995409846305847,0,0,12.313343048095703,0,1,0.9995750188827515,0.020037999376654625,-0.021159999072551727,0,-0.019951999187469482,0.9997919797897339,0.004255000036209822,0,0.021240999922156334,-0.003831000067293644,0.999767005443573,0,0,14.072396278381348,0,1,0.985069990158081,-0.020207999274134636,-0.1709659993648529,0,0.027000999078154564,0.9989320039749146,0.03749699890613556,0,0.1700260043144226,-0.04155400022864342,0.9845629930496216,0,0,15.83143424987793,0,1,0.9123830199241638,-0.11264300346374512,-0.39353299140930176,0,0.07962500303983688,0.9918659925460815,-0.09930200129747391,0,0.40151798725128174,0.05926699936389923,0.9139320254325867,0,0,14.680304527282715,3.0676159858703613,1,0.15056699514389038,-0.04148099943995476,-0.987729012966156,0,0.9222109913825989,-0.3540650010108948,0.1554490029811859,0,-0.3561689853668213,-0.9343000054359436,-0.015056000091135502,0,8.183961868286133,13.256951332092285,-0.14518800377845764,1,0.9743120074272156,0.22519999742507935,-0.001196000026538968,0,-0.1925320029258728,0.8357059955596924,0.5143219828605652,0,0.11682400107383728,-0.5008800029754639,0.8575959801673889,0,0,16.932416915893555,0,1,-0.014007000252604485,0.8024410009384155,0.5965679883956909,0,-0.9984040260314941,-0.04386899992823601,0.03556700050830841,0,0.0547109991312027,-0.5951169729232788,0.8017740249633789,0,0,22.398244857788086,0,1,0.9587600231170654,0.01793299987912178,-0.28365200757980347,0,-0.011300000362098217,0.9996240139007568,0.025001000612974167,0,0.28399398922920227,-0.020764999091625214,0.9586009979248047,0,0,33.47169494628906,0,1,0.8672000169754028,0.4926440119743347,-0.072564996778965,0,-0.3629409968852997,0.7250900268554688,0.5852500200271606,0,0.34093600511550903,-0.4811919927597046,0.8075990080833435,0,-4.7578630447387695,4.466963768005371,-0.000003999999989900971,1,0.9759160280227661,-0.08922699838876724,-0.19906499981880188,0,0.09864699840545654,0.9944009780883789,0.03789399936795235,0,0.19457000494003296,-0.05661800131201744,0.9792529940605164,0,-1.0412830114364624,5.116055011749268,0,1,0.7033960223197937,0.2702600061893463,-0.6574140191078186,0,0.24473699927330017,0.7762579917907715,0.5809710025787354,0,0.6673359870910645,-0.5695459842681885,0.47987401485443115,0,0.18398000299930573,6.19973611831665,0,1,0.9132369756698608,0.32435300946235657,0.24656200408935547,0,-0.29613998532295227,0.11281599849462509,0.9484590291976929,0,0.2798190116882324,-0.9391850233078003,0.19908200204372406,0,0,7.075955867767334,0.23825600743293762,1,0.9682289958000183,0.2315939962863922,0.09432099759578705,0,-0.18166300654411316,0.3922249972820282,0.9017530083656311,0,0.17184500396251678,-0.8902379870414734,0.4218359887599945,0,0.1452530026435852,8.270981788635254,0,1,0.9731090068817139,0.20616699755191803,0.1027349978685379,0,-0.17018799483776093,0.34294700622558594,0.9238089919090271,0,0.15522600710391998,-0.9164509773254395,0.3688119947910309,0,-0.18368400633335114,6.899418830871582,0,1,-0.3592810034751892,0.12396399676799774,0.9249590039253235,0,-0.8898149728775024,-0.34428998827934265,-0.29948800802230835,0,0.2813279926776886,-0.9306430220603943,0.2340019941329956,0,-8.183961868286133,13.263925552368164,-0.23862800002098083,1,0.9972090125083923,0.021971000358462334,0.07135599851608276,0,-0.0592929981648922,0.813850998878479,0.5780410170555115,0,-0.04537300020456314,-0.5806589722633362,0.8128820061683655,0,0,16.932416915893555,0,1,0.27877700328826904,-0.950098991394043,-0.13998599350452423,0,0.9583830237388611,0.26589399576187134,0.10393200069665909,0,-0.061524998396635056,-0.16313399374485016,0.9846839904785156,0,0,22.42294692993164,0,1,0.8531450033187866,-0.48429200053215027,0.19391900300979614,0,0.451555997133255,0.8716989755630493,0.19036099314689636,0,-0.261229008436203,-0.0748400017619133,0.9623709917068481,0,0,33.44632339477539,0,1,0.9483019709587097,-0.17550599575042725,0.26442500948905945,0,-0.10973899811506271,0.6004539728164673,0.7920939922332764,0,-0.2977930009365082,-0.78016197681427,0.5501520037651062,0,4.979205131530762,3.843290090560913,0,1,0.955070972442627,-0.10466200113296509,0.2772830128669739,0,0.16278499364852905,0.9670640230178833,-0.19567200541496277,0,-0.2476709932088852,0.23201799392700195,0.9406520128250122,0,0.7765089869499207,4.971682071685791,0,1,0.9518629908561707,0.09511800110340118,-0.2913930118083954,0,-0.16129499673843384,0.9638069868087769,-0.21227499842643738,0,0.2606559991836548,0.24905699491500854,0.9327539801597595,0,0.04032500088214874,6.484291076660156,0,1,0.990801990032196,-0.1035199984908104,-0.08714699745178223,0,0.1258160024881363,0.4676769971847534,0.8748990297317505,0,-0.04981299862265587,-0.8778160214424133,0.4763999879360199,0,0,7.823678016662598,0.08308099955320358,1,0.9714289903640747,-0.22116799652576447,-0.08608300238847733,0,0.17103999853134155,0.40095800161361694,0.8999879956245422,0,-0.16453300416469574,-0.8889979720115662,0.42733100056648254,0,-0.05889600142836571,8.570366859436035,0,1,0.984578013420105,-0.16467200219631195,-0.059066999703645706,0,0.13554200530052185,0.5045560002326965,0.8526729941368103,0,-0.11060900241136551,-0.8475300073623657,0.5190950036048889,0,0.09868700057268143,5.791942119598389,0,1,-0.6489070057868958,-0.19427500665187836,0.7356470227241516,0,0.7319319844245911,-0.42348599433898926,0.5337929725646973,0,0.20783400535583496,0.8848260045051575,0.4169990122318268,0,13.961853981018066,-5.866764068603516,0.1643040031194687,1,0.9712740182876587,-0.2045149952173233,-0.12165699899196625,0,0.0010679999832063913,0.5149829983711243,-0.857200026512146,0,0.23796099424362183,0.8324459791183472,0.5004079937934875,0,0,24.3056697845459,0,1,0.948032021522522,-0.24619300663471222,-0.201556995511055,0,0.3075309991836548,0.546521008014679,0.7789350152015686,0,-0.08161299675703049,-0.8004400134086609,0.5938310027122498,0,0,17.98106575012207,0,1,0.8764410018920898,0.022359000518918037,-0.4809899926185608,0,0.34158799052238464,0.675163984298706,0.6538130044937134,0,0.33936500549316406,-0.7373290061950684,0.5841040015220642,0,0,14.638616561889648,0,1,-0.6624789834022522,0.518651008605957,-0.5404829978942871,0,-0.6597480177879333,-0.7457000017166138,0.09308499842882156,0,-0.35475999116897583,0.4182490110397339,0.8361899852752686,0,-13.961853981018066,-5.866764068603516,0.47316500544548035,1,0.9915410280227661,-0.0040270001627504826,0.1297290027141571,0,0.10139500349760056,0.6479979753494263,-0.7548620104789734,0,-0.08102399855852127,0.7616310119628906,0.6429259777069092,0,0,24.301692962646484,0,1,0.7788059711456299,0.5307369828224182,0.33433398604393005,0,-0.4182310104370117,0.04212699830532074,0.9073629975318909,0,0.46748700737953186,-0.8464890122413635,0.25477999448776245,0,0,18.005645751953125,0,1,0.9120709896087646,-0.015061999671161175,0.40975600481033325,0,-0.2908720076084137,0.6805769801139832,0.6724650263786316,0,-0.2889989912509918,-0.7325220108032227,0.6163529753684998,0,0,14.53553295135498,0,1
K0.033,0.616443395614624,0.004060161300003529,0.7873886227607727,0,-0.10757478326559067,0.9910440444946289,0.07911068946123123,0,-0.7800157070159912,-0.13347062468528748,0.6113594174385071,0,0.18173599243164062,45.719390869140625,-1.1824618577957153,1,0.9969670176506042,-0.052920032292604446,-0.0570608526468277,0,0.05648403242230415,0.9964280128479004,0.06277620792388916,0,0.05353584140539169,-0.06580819934606552,0.9963949918746948,0,0,10.525012969970703,-0.7856240272521973,1,0.9990190267562866,0.040181972086429596,-0.01859995722770691,0,-0.03978997841477394,0.9989879727363586,0.02099098078906536,0,0.019424954429268837,-0.020230982452630997,0.9996070265769958,0,0,12.313343048095703,0,1,0.9996410012245178,0.018989993259310722,-0.018899954855442047,0,-0.018912993371486664,0.9998120069503784,0.0042519960552453995,0,0.018976954743266106,-0.0038929972797632217,0.9998120069503784,0,0,14.072396278381348,0,1,0.9867159724235535,-0.021360034123063087,-0.16104689240455627,0,0.031350068747997284,0.9977210164070129,0.059747278690338135,0,0.15940387547016144,-0.06400228291749954,0.9851369857788086,0,0,15.83143424987793,0,1,0.9245851039886475,-0.1005888283252716,-0.36745569109916687,0,0.07387692481279373,0.9935449957847595,-0.08608775585889816,0,0.3737426698207855,0.052448831498622894,0.9260480999946594,0,0,14.680304527282715,3.0676159858703613,1,0.16108304262161255,-0.039087969809770584,-0.9861660003662109,0,0.9216200113296509,-0.35151898860931396,0.1644730418920517,0,-0.3530850112438202,-0.9353640079498291,-0.02060004696249962,0,8.183961868286133,13.256951332092285,-0.14518800377845764,1,0.9819440841674805,0.18909630179405212,-0.00533764623105526,0,-0.15962007641792297,0.8433620929718018,0.5130900144577026,0,0.10152420401573181,-0.5029739737510681,0.8583179116249084,0,0,16.932416915893555,0,1,0.021891729906201363,0.8227941393852234,0.5679178237915039,0,-0.9996690154075623,0.02568400464951992,0.0013244954170659184,0,-0.013497418724000454,-0.5677587985992432,0.8230841159820557,0,0,22.398244857788086,0,1,0.9605939984321594,0.025510666891932487,-0.27678197622299194,0,-0.029815642163157463,0.9994909763336182,-0.011357960291206837,0,0.2763510048389435,0.01916286163032055,0.9608659744262695,0,0,33.47169494628906,0,1,0.8672000169754028,0.4926440119743347,-0.072564996778965,0,-0.3629409968852997,0.7250900268554688,0.5852500200271606,0,0.34093600511550903,-0.4811919927597046,0.8075990080833435,0,-4.7578630447387695,4.466963768005371,-0.000003999999989900971,1,0.9759160280227661,-0.08922699838876724,-0.19906499981880188,0,0.09864699840545654,0.9944009780883789,0.03789399936795235,0,0.19457000494003296,-0.05661800131201744,0.9792529940605164,0,-1.0412830114364624,5.116055011749268,0,1,0.7033960223197937,0.2702609896659851,-0.6574140191078186,0,0.24473699927330017,0.7762579917907715,0.5809720158576965,0,0.6673359870910645,-0.5695469975471497,0.47987401485443115,0,0.18398000299930573,6.19973611831665,0,1,0.9132369756698608,0.3243519961833954,0.24656200408935547,0,-0.29613998532295227,0.11281599849462509,0.9484590291976929,0,0.2798190116882324,-0.9391850233078003,0.19908200204372406,0,0,7.075955867767334,0.23825600743293762,1,0.9682289958000183,0.2315939962863922,0.09432200342416763,0,-0.18166300654411316,0.3922240138053894,0.9017530083656311,0,0.17184500396251678,-0.8902379870414734,0.4218350052833557,0,0.1452530026435852,8.270981788635254,0,1,0.9731090068817139,0.20616599917411804,0.1027349978685379,0,-0.17018799483776093,0.34294599294662476,0.9238089919090271,0,0.15522600710391998,-0.9164509773254395,0.3688110113143921,0,-0.18368400633335114,6.899418830871582,0,1,-0.3382449150085449,0.11209586262702942,0.9343580603599548,0,-0.8928940296173096,-0.35179805755615234,-0.28102993965148926,0,0.2972031235694885,-0.9293400049209595,0.21908386051654816,0,-8.183961868286133,13.263925552368164,-0.23862800002098083,1,0.9976890087127686,0.004096660763025284,0.06782321631908417,0,-0.043019846081733704,0.8107110261917114,0.5838630199432373,0,-0.05259337276220322,-0.5854319930076599,0.8090140223503113,0,0,16.932416915893555,0,1,0.3407365083694458,-0.9304808378219604,-0.13454990088939667,0,0.9384708404541016,0.3280525207519531,0.10795199871063232,0,-0.05630795285105705,-0.16305392980575562,0.9850090146064758,0,0,22.42294692993164,0,1,0.904621422290802,-0.36549443006515503,0.2192552387714386,0,0.33199140429496765,0.9268524050712585,0.1752878874540329,0,-0.2672840356826782,-0.08577826619148254,0.9597919583320618,0,0,33.44632339477539,0,1,0.9483019709587097,-0.17550599575042725,0.26442500948905945,0,-0.1097399964928627,0.6004539728164673,0.7920939922332764,0,-0.297791987657547,-0.78016197681427,0.5501520037651062,0,4.979205131530762,3.843290090560913,0,1,0.9550700187683105,-0.10466200113296509,0.27728399634361267,0,0.16278600692749023,0.9670640230178833,-0.19567200541496277,0,-0.24767200648784637,0.23201799392700195,0.9406520128250122,0,0.7765089869499207,4.971682071685791,0,1,0.9518629908561707,0.09511800110340118,-0.2913939952850342,0,-0.16129499673843384,0.9638069868087769,-0.21227499842643738,0,0.2606559991836548,0.24905699491500854,0.9327530264854431,0,0.04032500088214874,6.484291076660156,0,1,0.990801990032196,-0.1035199984908104,-0.08714699745178223,0,0.1258160024881363,0.4676769971847534,0.8748990297317505,0,-0.04981299862265587,-0.8778169751167297,0.4763999879360199,0,0,7.823678016662598,0.08308099955320358,1,0.9714289903640747,-0.22116899490356445,-0.08608300238847733,0,0.17103999853134155,0.40095800161361694,0.8999879956245422,0,-0.16453300416469574,-0.8889979720115662,0.42733100056648254,0,-0.05889600142836571,8.570366859436035,0,1,0.984578013420105,-0.16467300057411194,-0.059066999703645706,0,0.13554200530052185,0.5045560002326965,0.8526729941368103,0,-0.1106100007891655,-0.8475300073623657,0.5190939903259277,0,0.09868700057268143,5.791942119598389,0,1,-0.6633501648902893,-0.17648278176784515,0.7271998524665833,0,0.7140557765960693,-0.43993422389030457,0.544593095779419,0,0.22380922734737396,0.8805179595947266,0.417849063873291,0,13.961853981018066,-5.866764068603516,0.1643040031194687,1,0.9636878967285156,-0.22790929675102234,-0.13914722204208374,0,-0.00047001204802654684,0.5196440815925598,-0.8543829321861267,0,0.26702937483787537,0.8234238624572754,0.5006679892539978,0,0,24.3056697845459,0,1,0.9540120363235474,-0.22373971343040466,-0.19950497150421143,0,0.2937278151512146,0.5647472143173218,0.7712228894233704,0,-0.0598837248980999,-0.7943558692932129,0.6044941544532776,0,0,17.98106575012207,0,1,0.8764730095863342,0.022286999970674515,-0.4809359908103943,0,0.3415850102901459,0.6751729846000671,0.6538050174713135,0,0.3392859995365143,-0.737322986125946,0.5841580033302307,0,0,14.638616561889648,0,1,-0.6452497839927673,0.5545804500579834,-0.5254457592964172,0,-0.6616369485855103,-0.7495179772377014,0.021416030824184418,0,-0.3819544017314911,0.3614732325077057,0.8505571484565735,0,-13.961853981018066,-5.866764068603516,0.47316500544548035,1,0.9933220148086548,-0.021184226498007774,0.11341076344251633,0,0.09897395968437195,0.6616092324256897,-0.7432878017425537,0,-0.05928870290517807,0.7495487332344055,0.659288227558136,0,0,24.301692962646484,0,1,0.762840747833252,0.5495502352714539,0.3406880497932434,0,-0.42218905687332153,0.024269824847579002,0.9061830043792725,0,0.489725261926651,-0.8351078033447266,0.2505280077457428,0,0,18.005645751953125,0,1,0.9120709896087646,-0.015061999671161175,0.40975698828697205,0,-0.2908720076084137,0.6805769801139832,0.6724650263786316,0,-0.2889989912509918,-0.7325220108032227,0.6163529753684998,0,0,14.53553295135498,0,1
K0.067,0.6560395956039429,0.02016684040427208,0.7544572949409485,0,-0.08600521832704544,0.9951289296150208,0.048185307532548904,0,-0.7498102784156799,-0.09649836272001266,0.6545785665512085,0,0.08030900359153748,45.591941833496094,-1.0651202201843262,1,0.9975110292434692,-0.056388966739177704,-0.042330145835876465,0,0.05976496636867523,0.994733989238739,0.0832647979259491,0,0.03741215914487839,-0.08558780699968338,0.9956279993057251,0,0,10.525012969970703,-0.7856240272521973,1,0.9991869926452637,0.03769202530384064,-0.014307042583823204,0,-0.03741402179002762,0.9991160035133362,0.01918201893568039,0,0.015018044039607048,-0.018631016835570335,0.9997140169143677,0,0,12.313343048095703,0,1,0.9997280240058899,0.018250007182359695,-0.014514043927192688,0,-0.01819600723683834,0.9998270273208618,0.003887003753334284,0,0.014582043513655663,-0.003622002899646759,0.9998869895935059,0,0,14.072396278381348,0,1,0.9882649779319763,-0.024629969149827957,-0.1507481038570404,0,0.03815893456339836,0.9954320192337036,0.08752072602510452,0,0.14790411293506622,-0.09224572032690048,0.9846900105476379,0,0,15.83143424987793,0,1,0.9379588961601257,-0.08324417471885681,-0.3366042971611023,0,0.06626307219266891,0.9958959817886353,-0.0616462416946888,0,0.3403553366661072,0.035517167299985886,0.9396258592605591,0,0,14.680304527282715,3.0676159858703613,1,0.16626694798469543,-0.03604302927851677,-0.9854220151901245,0,0.9209020137786865,-0.3516179919242859,0.168241947889328,0,-0.3525559902191162,-0.9354490041732788,-0.025269953534007072,0,8.183961868286133,13.256951332092285,-0.14518800377845764,1,0.9903639554977417,0.11954168975353241,-0.06992635875940323,0,-0.06685292720794678,0.8548468947410583,0.5145549774169922,0,0.12128780782222748,-0.5049219727516174,0.8546010851860046,0,0,16.932416915893555,0,1,-0.005144731141626835,0.8354508876800537,0.549541175365448,0,-0.9984520077705383,0.0261439960449934,-0.049093496054410934,0,-0.055382583290338516,-0.5489422082901001,0.8340228796005249,0,0,22.398244857788086,0,1,0.9613900184631348,-0.007809668779373169,-0.27507802844047546,0,0.006015643943101168,0.9999549984931946,-0.007366039790213108,0,0.2751230001449585,0.005427136551588774,0.9613940119743347,0,0,33.47169494628906,0,1,0.8672000169754028,0.4926440119743347,-0.072564996778965,0,-0.3629409968852997,0.7250900268554688,0.5852500200271606,0,0.34093600511550903,-0.4811919927597046,0.8075990080833435,0,-4.7578630447387695,4.466963768005371,-0.000003999999989900971,1,0.9759160280227661,-0.08922699838876724,-0.19906499981880188,0,0.09864699840545654,0.9944009780883789,0.03789399936795235,0,0.19457000494003296,-0.05661800131201744,0.9792529940605164,0,-1.0412830114364624,5.116055011749268,0,1,0.7033960223197937,0.2702600061893463,-0.6574140191078186,0,0.24473699927330017,0.7762579917907715,0.5809710025787354,0,0.6673359870910645,-0.5695459842681885,0.47987401485443115,0,0.18398000299930573,6.19973611831665,0,1,0.9132369756698608,0.32435300946235657,0.24656200408935547,0,-0.29613998532295227,0.11281599849462509,0.9484590291976929,0,0.2798190116882324,-0.9391850233078003,0.19908200204372406,0,0,7.075955867767334,0.23825600743293762,1,0.9682289958000183,0.2315939962863922,0.09432099759578705,0,-0.18166300654411316,0.3922249972820282,0.9017530083656311,0,0.17184500396251678,-0.8902379870414734,0.4218350052833557,0,0.1452530026435852,8.270981788635254,0,1,0.9731090068817139,0.20616699755191803,0.1027349978685379,0,-0.17018799483776093,0.34294700622558594,0.9238089919090271,0,0.15522600710391998,-0.9164509773254395,0.3688119947910309,0,-0.18368400633335114,6.899418830871582,0,1,-0.3289910852909088,0.09897513687610626,0.9391319155693054,0,-0.8924559950828552,-0.357668936252594,-0.27494505047798157,0,0.30868586897850037,-0.9285889863967896,0.2060011327266693,0,-8.183961868286133,13.263925552368164,-0.23862800002098083,1,0.9955790042877197,-0.029832663014531136,0.08906879276037216,0,-0.027809150516986847,0.8121050000190735,0.5828480124473572,0,-0.08972062915563583,-0.5827479958534241,0.8076850175857544,0,0,16.932416915893555,0,1,0.3915584981441498,-0.91180419921875,-0.12367311120033264,0,0.9187191724777222,0.3798984885215759,0.10785499960184097,0,-0.05135904997587204,-0.1558520793914795,0.9864439964294434,0,0,22.42294692993164,0,1,0.9472945928573608,-0.20886754989624023,0.24291376769542694,0,0.1723615825176239,0.9714335799217224,0.1631191223859787,0,-0.2700449824333191,-0.1126527339220047,0.9562350511550903,0,0,33.44632339477539,0,1,0.9483019709587097,-0.17550599575042725,0.26442500948905945,0,-0.10973899811506271,0.6004539728164673,0.7920939922332764,0,-0.2977930009365082,-0.78016197681427,0.5501520037651062,0,4.979205131530762,3.843290090560913,0,1,0.9550700187683105,-0.10466200113296509,0.27728399634361267,0,0.16278600692749023,0.9670640230178833,-0.19567200541496277,0,-0.24767200648784637,0.23201799392700195,0.9406520128250122,0,0.7765089869499207,4.971682071685791,0,1,0.9518629908561707,0.09511800110340118,-0.2913930118083954,0,-0.16129499673843384,0.9638069868087769,-0.21227499842643738,0,0.2606559991836548,0.24905699491500854,0.9327539801597595,0,0.04032500088214874,6.484291076660156,0,1,0.990801990032196,-0.10352099686861038,-0.08714699745178223,0,0.1258160024881363,0.4676769971847534,0.8748990297317505,0,-0.04981299862265587,-0.8778160214424133,0.4763999879360199,0,0,7.823678016662598,0.08308099955320358,1,0.9714289903640747,-0.22116899490356445,-0.08608300238847733,0,0.17103999853134155,0.40095800161361694,0.8999879956245422,0,-0.16453300416469574,-0.8889979720115662,0.42733100056648254,0,-0.05889600142836571,8.570366859436035,0,1,0.984578013420105,-0.16467300057411194,-0.059066999703645706,0,0.13554200530052185,0.5045560002326965,0.8526729941368103,0,-0.11060900241136551,-0.8475300073623657,0.5190950036048889,0,0.09868700057268143,5.791942119598389,0,1,-0.680348813533783,-0.15485121309757233,0.7163420915603638,0,0.6900732517242432,-0.46453577280044556,0.5549818873405457,0,0.24682778120040894,0.871910035610199,0.42290493845939636,0,13.961853981018066,-5.866764068603516,0.1643040031194687,1,0.9525331258773804,-0.25773870944976807,-0.16202177107334137,0,-0.0016729880589991808,0.5277659296989441,-0.849388062953949,0,0.30443063378334045,0.8093411326408386,0.502282977104187,0,0,24.3056697845459,0,1,0.9606489539146423,-0.1958002895116806,-0.19701802730560303,0,0.2758611738681793,0.5896087884902954,0.7591190934181213,0,-0.03247227147221565,-0.7835971117019653,0.6204208135604858,0,0,17.98106575012207,0,1,0.8764330148696899,0.02237500064074993,-0.4810029864311218,0,0.3415890038013458,0.6751629710197449,0.6538140177726746,0,0.339383989572525,-0.7373290061950684,0.5840920209884644,0,0,14.638616561889648,0,1,-0.6241142153739929,0.5993655920028687,-0.5012412667274475,0,-0.6585090756416321,-0.7487829923629761,-0.07543104141950607,0,-0.42053160071372986,0.28299376368522644,0.8620138764381409,0,-13.961853981018066,-5.866764068603516,0.47316500544548035,1,0.9950199723243713,-0.043954771012067795,0.08946223556995392,0,0.09523503482341766,0.6841737627983093,-0.723074197769165,0,-0.029425296932458878,0.7279932498931885,0.6849527359008789,0,0,24.301692962646484,0,1,0.7413722276687622,0.5742307901382446,0.34731292724609375,0,-0.4284619390964508,0.0066891745664179325,0.903535008430481,0,0.516514778137207,-0.8186661601066589,0.2509959936141968,0,0,18.005645751953125,0,1,0.9120709896087646,-0.015061999671161175,0.40975698828697205,0,-0.2908720076084137,0.6805769801139832,0.6724650263786316,0,-0.2889989912509918,-0.7325220108032227,0.6163529753684998,0,0,14.53553295135498,0,1
K0.100,0.7056670188903809,0.026775000616908073,0.7080379724502563,0,-0.058042000979185104,0.9981120228767395,0.020104002207517624,0,-0.7061619758605957,-0.055282000452280045,0.7058889865875244,0,-0.03671199455857277,45.54362487792969,-1.0056289434432983,1,0.998045027256012,-0.05990400165319443,-0.017850002273917198,0,0.06150899827480316,0.9920349717140198,0.10992699861526489,0,0.011122001335024834,-0.11080999672412872,0.9937790036201477,0,0,10.525012969970703,-0.7856240272521973,1,0.9993709921836853,0.034706000238657,-0.007276000455021858,0,-0.03459100052714348,0.9992830157279968,0.01537800021469593,0,0.007804000284522772,-0.015116999857127666,0.9998549818992615,0,0,12.313343048095703,0,1,0.9998250007629395,0.017212999984622,-0.007376000285148621,0,-0.017201000824570656,0.9998509883880615,0.0017020001541823149,0,0.007404000498354435,-0.0015750001184642315,0.9999709725379944,0,0,14.072396278381348,0,1,0.989916980266571,-0.028186000883579254,-0.13881799578666687,0,0.04323900118470192,0.9933559894561768,0.1066489964723587,0,0.13489000499248505,-0.11157599836587906,0.9845589995384216,0,0,15.83143424987793,0,1,0.9504280090332031,-0.0697920024394989,-0.30301201343536377,0,0.06771200150251389,0.9975540041923523,-0.01737700216472149,0,0.3034830093383789,-0.004001998342573643,0.9528279900550842,0,0,14.680304527282715,3.0676159858703613,1,0.15689200162887573,-0.032954998314380646,-0.9870659708976746,0,0.9188159704208374,-0.36162999272346497,0.15811699628829956,0,-0.3621639907360077,-0.9317389726638794,-0.02645700052380562,0,8.183961868286133,13.256951332092285,-0.14518800377845764,1,0.9807999730110168,0.005631004925817251,-0.19493499398231506,0,0.09524299204349518,0.8584340214729309,0.5040040016174316,0,0.17017699778079987,-0.5128939747810364,0.8414160013198853,0,0,16.932416915893555,0,1,-0.13012400269508362,0.8436390161514282,0.5209050178527832,0,-0.9909629821777344,-0.09341399371623993,-0.09625700116157532,0,-0.03254599869251251,-0.5287230014801025,0.8481699824333191,0,0,22.398244857788086,0,1,0.9527040123939514,-0.06290099769830704,-0.2973189949989319,0,0.10647398978471756,0.9854199886322021,0.13270199298858643,0,0.284637987613678,-0.1580819934606552,0.945510983467102,0,0,33.47169494628906,0,1,0.8672000169754028,0.4926440119743347,-0.072564996778965,0,-0.3629409968852997,0.7250900268554688,0.5852500200271606,0,0.34093600511550903,-0.4811919927597046,0.8075990080833435,0,-4.7578630447387695,4.466963768005371,-0.000003999999989900971,1,0.9759160280227661,-0.08922699838876724,-0.19906599819660187,0,0.09864699840545654,0.9944009780883789,0.03789399936795235,0,0.19457000494003296,-0.05661800131201744,0.9792529940605164,0,-1.0412830114364624,5.116055011749268,0,1,0.7033960223197937,0.2702600061893463,-0.6574140191078186,0,0.24473600089550018,0.7762579917907715,0.5809710025787354,0,0.6673359870910645,-0.5695459842681885,0.47987499833106995,0,0.18398000299930573,6.19973611831665,0,1,0.9132369756698608,0.32435300946235657,0.24656200408935547,0,-0.29613998532295227,0.11281599849462509,0.9484590291976929,0,0.2798190116882324,-0.9391850233078003,0.19908200204372406,0,0,7.075955867767334,0.23825600743293762,1,0.9682289958000183,0.2315939962863922,0.09432099759578705,0,-0.18166300654411316,0.3922249972820282,0.9017530083656311,0,0.17184500396251678,-0.8902379870414734,0.4218359887599945,0,0.1452530026435852,8.270981788635254,0,1,0.9731090068817139,0.20616699755191803,0.1027349978685379,0,-0.17018799483776093,0.34294700622558594,0.9238089919090271,0,0.15522600710391998,-0.9164509773254395,0.3688119947910309,0,-0.18368400633335114,6.899418830871582,0,1,-0.33379998803138733,0.0850910022854805,0.9387949705123901,0,-0.8878710269927979,-0.3629179894924164,-0.28279900550842285,0,0.31664198637008667,-0.9279279708862305,0.19669200479984283,0,-8.183961868286133,13.263925552368164,-0.23862800002098083,1,0.9879019856452942,-0.06834500283002853,0.13921000063419342,0,-0.023215999826788902,0.8223599791526794,0.5684930086135864,0,-0.15333400666713715,-0.5648469924926758,0.8108239769935608,0,0,16.932416915893555,0,1,0.4086810052394867,-0.9061899781227112,-0.1086290031671524,0,0.9116610288619995,0.3997099995613098,0.09542299807071686,0,-0.04305199906229973,-0.13802999258041382,0.9894919991493225,0,0,22.42294692993164,0,1,0.9637759923934937,-0.03434600681066513,0.264492005109787,0,-0.008743992075324059,0.9870719909667969,0.16003799438476562,0,-0.26656898856163025,-0.1565530002117157,0.9510160088539124,0,0,33.44632339477539,0,1,0.9483019709587097,-0.17550599575042725,0.26442500948905945,0,-0.10973899811506271,0.6004530191421509,0.7920939922332764,0,-0.297791987657547,-0.78016197681427,0.550150990486145,0,4.979205131530762,3.843290090560913,0,1,0.9550700187683105,-0.10466200113296509,0.27728399634361267,0,0.16278600692749023,0.9670640230178833,-0.19567200541496277,0,-0.24767200648784637,0.23201799392700195,0.9406520128250122,0,0.7765089869499207,4.971682071685791,0,1,0.9518629908561707,0.09511800110340118,-0.2913930118083954,0,-0.16129499673843384,0.9638069868087769,-0.21227499842643738,0,0.2606559991836548,0.24905699491500854,0.9327539801597595,0,0.04032500088214874,6.484291076660156,0,1,0.990801990032196,-0.1035199984908104,-0.08714699745178223,0,0.1258160024881363,0.4676769971847534,0.8748990297317505,0,-0.04981299862265587,-0.8778160214424133,0.4763999879360199,0,0,7.823678016662598,0.08308099955320358,1,0.9714289903640747,-0.22116899490356445,-0.08608300238847733,0,0.17103999853134155,0.40095800161361694,0.8999879956245422,0,-0.16453300416469574,-0.8889979720115662,0.42733100056648254,0,-0.05889600142836571,8.570366859436035,0,1,0.984578013420105,-0.16467300057411194,-0.059066999703645706,0,0.13554200530052185,0.5045560002326965,0.8526729941368103,0,-0.11060900241136551,-0.8475300073623657,0.5190950036048889,0,0.09868700057268143,5.791942119598389,0,1,-0.6971529722213745,-0.129488006234169,0.705132007598877,0,0.6653419733047485,-0.48318201303482056,0.5690829753875732,0,0.2670170068740845,0.8658909797668457,0.42300599813461304,0,13.961853981018066,-5.866764068603516,0.1643040031194687,1,0.9356549978256226,-0.29511499404907227,-0.19353899359703064,0,-0.0015810000477358699,0.5448870062828064,-0.8385080099105835,0,0.3529129922389984,0.7848600149154663,0.5093600153923035,0,0,24.3056697845459,0,1,0.9670190215110779,-0.16495400667190552,-0.19407400488853455,0,0.254705011844635,0.6280289888381958,0.7353259921073914,0,0.0005889985477551818,-0.7605059742927551,0.6493309736251831,0,0,17.98106575012207,0,1,0.8764449954032898,0.022348999977111816,-0.4809829890727997,0,0.34158700704574585,0.6751670241355896,0.6538100242614746,0,0.339356005191803,-0.7373260259628296,0.5841130018234253,0,0,14.638616561889648,0,1,-0.6109060049057007,0.6345409750938416,-0.4734460115432739,0,-0.6274330019950867,-0.7527419924736023,-0.19926799833774567,0,-0.48282700777053833,0.17532199621200562,0.8579859733581543,0,-13.961853981018066,-5.866764068603516,0.47316500544548035,1,0.9959909915924072,-0.07637599855661392,0.04656800255179405,0,0.08771999925374985,0.7319080233573914,-0.6757339835166931,0,0.01752599887549877,0.6771100163459778,0.7356730103492737,0,0,24.301692962646484,0,1,0.7170950174331665,0.6035929918289185,0.3484959900379181,0,-0.44122201204299927,0.006074000149965286,0.8973770141601562,0,0.5395339727401733,-0.7972689867019653,0.27067500352859497,0,0,18.005645751953125,0,1,0.9120460152626038,-0.015025000087916851,0.4098129868507385,0,-0.29091599583625793,0.6806280016899109,0.6723939776420593,0,-0.2890329957008362,-0.7324749827384949,0.6163930296897888,0,0,14.53553295135498,0,1
