4.033,30,120,41
B0,mixamorig_Hips,-1,0.9997305870056152,-0.023202620446681976,-0.00104573427233845,0,0.023188337683677673,0.9996568560600281,-0.012161565944552422,0,0.0013273009099066257,0.012133998796343803,0.9999253153800964,0,0.33376818895339966,49.994361877441406,1.0801634788513184,1
B1,mixamorig_Spine,0,0.9999729990959167,0.00707981688901782,-0.0018898665439337492,0,-0.006538383662700653,0.9784749150276184,0.20626330375671387,0,0.00330914999358356,-0.2062453031539917,0.9784948825836182,0,0,10.525012969970703,-0.7856240272521973,1
B2,mixamorig_Spine1,1,0.9998015761375427,0.019863881170749664,-0.0014677001163363457,0,-0.018250565975904465,0.9431226253509521,0.33194392919540405,0,0.007977982051670551,-0.33185121417045593,0.9432980418205261,0,0,12.313343048095703,0,1
B3,mixamorig_Spine2,2,0.9998195767402649,0.018896447494626045,-0.002032583113759756,0,-0.018138131126761436,0.9806510806083679,0.19492127001285553,0,0.005676715634763241,-0.19484955072402954,0.9808164834976196,0,0,14.072396278381348,0,1
B4,mixamorig_Neck,3,0.9997742772102356,0.010790023021399975,0.01828606240451336,0,-0.012380589731037617,0.9959322214126587,0.08924929797649384,0,-0.017249377444386482,-0.08945543318986893,0.9958410263061523,0,0,15.83143424987793,0,1
B5,mixamorig_Head,4,0.9985634088516235,-0.04167519137263298,-0.03367513045668602,0,0.025278346613049507,0.9205887317657471,-0.38971397280693054,0,0.04724254086613655,0.3883030414581299,0.9203197360038757,0,0,14.680304527282715,3.0676159858703613,1
B6,mixamorig_HeadTop_End,5,1,0,0,0,0,1,0,0,0,0,1,0,0,52.596832275390625,10.990701675415039,1
B7,mixamorig_LeftShoulder,3,0.30362632870674133,0.3231562674045563,-0.8963156342506409,0,0.9410788416862488,-0.24876263737678528,0.2291015088558197,0,-0.1489342600107193,-0.9130646586418152,-0.37964633107185364,0,8.183961868286133,13.256951332092285,-0.14518800377845764,1
B8,mixamorig_LeftArm,7,0.8421412110328674,0.36663809418678284,0.3954424560070038,0,-0.47204142808914185,0.8557412028312683,0.2118593454360962,0,-0.26072025299072266,-0.3650810718536377,0.893722653388977,0,0,16.932416915893555,0,1
B9,mixamorig_LeftForeArm,8,0.6266484260559082,0.777588963508606,0.05164406821131706,0,-0.735268771648407,0.5679800510406494,0.3698351979255676,0,0.2582472264766693,-0.26972928643226624,0.9276609420776367,0,0,22.398244857788086,0,1
B10,mixamorig_LeftHand,9,0.729181706905365,0.3800278604030609,0.5690988302230835,0,-0.39342355728149414,0.9132546782493591,-0.10575482994318008,0,-0.5599214434623718,-0.1467817723751068,0.8154401779174805,0,0,33.47169494628906,0,1
B11,mixamorig_LeftHandThumb1,10,0.7714341282844543,0.3553772568702698,-0.5278223156929016,0,0.13491518795490265,0.7192936539649963,0.6814782023429871,0,0.6218414902687073,-0.5969275236129761,0.5069414377212524,0,-4.7578630447387695,4.466963768005371,-0.000003999999989900971,1
B12,mixamorig_LeftHandThumb2,11,0.9689052700996399,-0.24634599685668945,0.023145999759435654,0,0.24738599359989166,0.9662730097770691,-0.07153771817684174,0,-0.004741999786347151,0.07503899931907654,0.997169017791748,0,-1.0412830114364624,5.116055011749268,0,1
B13,mixamorig_LeftHandThumb3,12,0.9978092908859253,-0.05962957814335823,0.02834324538707733,0,0.06461894512176514,0.9701110124588013,-0.23384809494018555,0,-0.013563607819378376,0.23516875505447388,0.9718554019927979,0,0.18398000299930573,6.19973611831665,0,1
B14,mixamorig_LeftHandThumb4,13,1,0,0,0,0,1,0,0,0,0,1,0,0.8573030233383179,4.033854007720947,0,1
B15,mixamorig_LeftHandIndex1,10,0.995307981967926,-0.06984522193670273,0.0669543519616127,0,0.018773863092064857,0.8182817101478577,0.5745055079460144,0,-0.09491295367479324,-0.5705528855323792,0.8157541155815125,0,0,7.075955867767334,0.23825600743293762,1
B16,mixamorig_LeftHandIndex2,15,0.9997763633728027,-0.02106911689043045,-0.0017109327018260956,0,0.02103554829955101,0.9836274981498718,0.17893506586551666,0,-0.002085550222545862,-0.1789310723543167,0.9838504195213318,0,0.1452530026435852,8.270981788635254,0,1
B17,mixamorig_LeftHandIndex3,16,0.9877596497535706,0.1471659392118454,0.0516948439180851,0,-0.15063709020614624,0.8139997124671936,0.5609883666038513,0,0.04048016667366028,-0.5619089603424072,0.826205313205719,0,-0.18368400633335114,6.899418830871582,0,1
B18,mixamorig_LeftHandIndex4,17,1,0,0,0,0,1,0,0,0,0,1,0,0.03843099996447563,4.820864200592041,0,1
B19,mixamorig_RightShoulder,3,0.20105189085006714,-0.29109323024749756,0.9353301525115967,0,-0.9675724506378174,-0.20805811882019043,0.14323076605796814,0,0.15290972590446472,-0.9337970018386841,-0.3234840929508209,0,-8.183961868286133,13.263925552368164,-0.23862800002098083,1
B20,mixamorig_RightArm,19,0.8980686664581299,-0.22330914437770844,-0.37895074486732483,0,0.38264474272727966,0.8215172290802002,0.42271727323532104,0,0.21691887080669403,-0.5246344208717346,0.8232273459434509,0,0,16.932416915893555,0,1
B21,mixamorig_RightForeArm,20,0.4016667604446411,-0.8423657417297363,-0.35928237438201904,0,0.915785551071167,0.3691823482513428,0.15824316442012787,0,-0.0006581954658031464,-0.39258676767349243,0.9197149872779846,0,0,22.42294692993164,0,1
B22,mixamorig_RightHand,21,0.9995989203453064,-0.027851929888129234,0.005113464314490557,0,0.025568708777427673,0.9653362035751343,0.2597523629665375,0,-0.01217065192759037,-0.2595173120498657,0.9656614661216736,0,0,33.44632339477539,0,1
B23,mixamorig_RightHandThumb1,22,0.6789087057113647,-0.5087509751319885,0.5293897390365601,0,-0.09082038700580597,0.6572941541671753,0.7481400370597839,0,-0.728583574295044,-0.5559988617897034,0.40003839135169983,0,4.979205131530762,3.843290090560913,0,1
B24,mixamorig_RightHandThumb2,23,0.9411640167236328,0.33395299315452576,0.051833998411893845,0,-0.32399699091911316,0.9352449774742126,-0.1426282823085785,0,-0.09610871970653534,0.11744300276041031,0.9884179830551147,0,0.7765089869499207,4.971682071685791,0,1
B25,mixamorig_RightHandThumb3,24,0.9843498468399048,-0.00007100489165168256,0.17615225911140442,0,0.0306233037263155,0.9848291873931885,-0.1707306057214737,0,-0.1734713464975357,0.17345666885375977,0.9694433212280273,0,0.04032500088214874,6.484291076660156,0,1
B26,mixamorig_RightHandThumb4,25,1,0,0,0,0,1,0,0,0,0,1,0,-0.8168330192565918,4.664699077606201,0,1
B27,mixamorig_RightHandIndex1,22,0.9402230978012085,-0.17911052703857422,0.2896537780761719,0,-0.0942806601524353,0.6803888082504272,0.7267577648162842,0,-0.327249139547348,-0.710622251033783,0.6228305697441101,0,0,7.823678016662598,0.08308099955320358,1
B28,mixamorig_RightHandIndex2,27,0.9746705889701843,-0.22122852504253387,-0.03277966380119324,0,0.2204514741897583,0.9256842136383057,0.30739694833755493,0,-0.03766399621963501,-0.3068374693393707,0.9510075449943542,0,-0.05889600142836571,8.570366859436035,0,1
B29,mixamorig_RightHandIndex3,28,0.9642021656036377,-0.2469058632850647,-0.09670086205005646,0,0.26460251212120056,0.9196678400039673,0.2901569902896881,0,0.01729169674217701,-0.30535799264907837,0.9520782232284546,0,0.09868700057268143,5.791942119598389,0,1
B30,mixamorig_RightHandIndex4,29,1,0,0,0,0,1,0,0,0,0,1,0,-0.03979099914431572,4.182465076446533,0,1
B31,mixamorig_LeftUpLeg,0,-0.8559479713439941,-0.4257223606109619,0.2934509813785553,0,0.5170533657073975,-0.7080281972885132,0.4809904396533966,0,0.003003185149282217,0.5634326338768005,0.8261560201644897,0,13.961853981018066,-5.866764068603516,0.1643040031194687,1
B32,mixamorig_LeftLeg,31,0.9753938913345337,-0.21529895067214966,0.047468945384025574,0,0.14687107503414154,0.47396692633628845,-0.868207573890686,0,0.1644253432750702,0.8538163304328918,0.49392566084861755,0,0,24.3056697845459,0,1
B33,mixamorig_LeftFoot,32,0.9271913170814514,-0.03296292945742607,-0.37313607335090637,0,0.3663494884967804,0.28757473826408386,0.8849231004714966,0,0.07813498377799988,-0.9571908116340637,0.2787127196788788,0,0,17.98106575012207,0,1
B34,mixamorig_LeftToeBase,33,0.8418433666229248,-0.11192518472671509,-0.5279898047447205,0,0.4871286451816559,0.5787833333015442,0.6539998650550842,0,0.2323928028345108,-0.8077642321586609,0.5417666435241699,0,0,14.638616561889648,0,1
B35,mixamorig_LeftToe_End,34,1,0,0,0,0,1,0,0,0,0,1,0,0,5.677577018737793,0,1
B36,mixamorig_RightUpLeg,0,-0.872448742389679,0.277150422334671,-0.40251824259757996,0,-0.45075756311416626,-0.7745741605758667,0.44367995858192444,0,-0.18881355226039886,0.5685266256332397,0.8007040023803711,0,-13.961853981018066,-5.866764068603516,0.47316500544548035,1
B37,mixamorig_RightLeg,36,0.9857039451599121,0.0968904197216034,0.13784001767635345,0,0.06806956976652145,0.519361674785614,-0.8518391847610474,0,-0.15412427484989166,0.849043607711792,0.5053411722183228,0,0,24.301692962646484,0,1
B38,mixamorig_RightFoot,37,0.9362918734550476,0.1544942855834961,0.3154190480709076,0,-0.34675079584121704,0.2637537121772766,0.9001101851463318,0,0.05586881935596466,-0.9521370530128479,0.30052146315574646,0,0,18.005645751953125,0,1
B39,mixamorig_RightToeBase,38,0.8925567865371704,0.09833333641290665,0.44008341431617737,0,-0.4266442060470581,0.5001400113105774,0.7535477876663208,0,-0.14600448310375214,-0.8603430390357971,0.4883565604686737,0,0,14.53553295135498,0,1
B40,mixamorig_RightToe_End,39,1,0,0,0,0,1,0,0,0,0,1,0,0,5.66837215423584,0,1
@34,0,1,2,3,4,5,7,8,9,10,11,12,13,15,16,17,19,20,21,22,23,24,25,27,28,29,31,32,33,34,36,37,38,39
K0.000,0.9998350143432617,-0.018163999542593956,-0.0002300000051036477,0,0.01816299930214882,0.9998250007629395,-0.004395000170916319,0,0.0003100000030826777,0.004389999900013208,0.9999899864196777,0,0.11868900060653687,49.84474563598633,0.8972020149230957,1,0.9999750256538391,0.0067889997735619545,-0.002094999887049198,0,-0.006186000071465969,0.9769570231437683,0.21334700286388397,0,0.003495000069960952,-0.2133290022611618,0.9769740104675293,0,0,10.525012969970703,-0.7856240272521973,1,0.9998430013656616,0.017702000215649605,-0.0009769999887794256,0,-0.016286000609397888,0.9388110041618347,0.34404900670051575,0,0.007007999811321497,-0.34397900104522705,0.9389510154724121,0,0,12.313343048095703,0,1,0.9998490214347839,0.017342999577522278,-0.0013909999979659915,0,-0.0166229996830225,0.9757909774780273,0.21807099878787994,0,0.005140000022947788,-0.21801500022411346,0.9759320020675659,0,0,14.072396278381348,0,1,0.9998700022697449,0.00018899999849963933,0.01612900011241436,0,-0.0022219999227672815,0.9920060038566589,0.12617099285125732,0,-0.01597600057721138,-0.12619000673294067,0.991877019405365,0,0,15.83143424987793,0,1,0.9982709884643555,-0.043164998292922974,-0.03989899903535843,0,0.025294000282883644,0.9281719923019409,-0.371289998292923,0,0.05305900052189827,0.36963900923728943,0.9276589751243591,0,0,14.680304527282715,3.0676159858703613,1,0.2975519895553589,0.32857200503349304,-0.8963829874992371,0,0.9429609775543213,-0.247966006398201,0.222121000289917,0,-0.14928999543190002,-0.911346971988678,-0.3836129903793335,0,8.183961868286133,13.256951332092285,-0.14518800377845764,1,0.8066020011901855,0.4014210104942322,0.43388301134109497,0,-0.513621985912323,0.8392750024795532,0.17835499346256256,0,-0.29255199432373047,-0.3667129874229431,0.8831390142440796,0,0,16.932416915893555,0,1,0.6371229887008667,0.768688976764679,0.05649799853563309,0,-0.7272949814796448,0.5753070116043091,0.37424999475479126,0,0.2551780045032501,-0.2795329988002777,0.9256049990653992,0,0,22.398244857788086,0,1,0.7319509983062744,0.37636300921440125,0.567978024482727,0,-0.3872399926185608,0.9156649708747864,-0.10771799832582474,0,-0.560617983341217,-0.14110000431537628,0.8159649968147278,0,0,33.47169494628906,0,1,0.7602069973945618,0.3693999946117401,-0.5344420075416565,0,0.11333099752664566,0.7346100211143494,0.6689580082893372,0,0.6397200226783752,-0.5691149830818176,0.5165910124778748,0,-4.7578630447387695,4.466963768005371,-0.000003999999989900971,1,0.968904972076416,-0.24634599685668945,0.023145999759435654,0,0.24738599359989166,0.9662730097770691,-0.07153800129890442,0,-0.004741999786347151,0.07503899931907654,0.997169017791748,0,-1.0412830114364624,5.116055011749268,0,1,0.977217972278595,-0.21095100045204163,0.023353999480605125,0,0.2122350037097931,0.9704509973526001,-0.11481299996376038,0,0.0015559999737888575,0.11715400218963623,0.9931129813194275,0,0.18398000299930573,6.19973611831665,0,1,0.9979050159454346,-0.06333799660205841,0.013148999772965908,0,0.04992600157856941,0.8833469748497009,0.4660539925098419,0,-0.041133999824523926,-0.46442100405693054,0.8846589922904968,0,0,7.075955867767334,0.23825600743293762,1,0.9999970197677612,-0.0022899999748915434,-0.00101500004529953,0,0.0025029999669641256,0.927715003490448,0.37328100204467773,0,0.0000870000003487803,-0.37328198552131653,0.9277179837226868,0,0.1452530026435852,8.270981788635254,0,1,0.9933769702911377,0.11398400366306305,0.0144640002399683,0,-0.10818000137805939,0.8854380249977112,0.4519909918308258,0,0.0387130007147789,-0.4505620002746582,0.8919050097465515,0,-0.18368400633335114,6.899418830871582,0,1,0.21612299978733063,-0.30167800188064575,0.9285910129547119,0,-0.9633910059928894,-0.22042499482631683,0.15261100232601166,0,0.15864500403404236,-0.9275789856910706,-0.33827298879623413,0,-8.183961868286133,13.263925552368164,-0.23862800002098083,1,0.8677700161933899,-0.26978400349617004,-0.4173629879951477,0,0.4283370077610016,0.8318740129470825,0.35286399722099304,0,0.2519960105419159,-0.48497700691223145,0.8374339938163757,0,0,16.932416915893555,0,1,0.4153980016708374,-0.834617018699646,-0.3617439866065979,0,0.9096369743347168,0.38006600737571716,0.16766400635242462,0,-0.002449000021442771,-0.398703008890152,0.9170770049095154,0,0,22.42294692993164,0,1,0.9995669722557068,-0.023413000628352165,-0.017820000648498535,0,0.02696100063621998,0.9713590145111084,0.2360830008983612,0,0.011781999841332436,-0.23646099865436554,0.9715700149536133,0,0,33.44632339477539,0,1,0.6822260022163391,-0.530813992023468,0.5027959942817688,0,-0.06735099852085114,0.6391370296478271,0.7661380171775818,0,-0.7280319929122925,-0.5565429925918579,0.4002859890460968,0,4.979205131530762,3.843290090560913,0,1,0.9411640167236328,0.33395200967788696,0.051833998411893845,0,-0.32399699091911316,0.9352449774742126,-0.1426279991865158,0,-0.09610900282859802,0.11744300276041031,0.9884179830551147,0,0.7765089869499207,4.971682071685791,0,1,0.9712479710578918,0.18904900550842285,0.14469599723815918,0,-0.1571110039949417,0.9656339883804321,-0.20704400539398193,0,-0.1788640022277832,0.17835800349712372,0.9675719738006592,0,0.04032500088214874,6.484291076660156,0,1,0.951869010925293,-0.11999999731779099,0.28203898668289185,0,-0.09011700004339218,0.7699350118637085,0.6317269802093506,0,-0.2929590046405792,-0.6267380118370056,0.7220630049705505,0,0,7.823678016662598,0.08308099955320358,1,0.9700419902801514,-0.22925099730491638,-0.08038800209760666,0,0.23892900347709656,0.8404380083084106,0.48639100790023804,0,-0.04394499957561493,-0.49102699756622314,0.8700349926948547,0,-0.05889600142836571,8.570366859436035,0,1,0.9577479958534241,-0.27149099111557007,-0.09492500126361847,0,0.28368300199508667,0.9460800290107727,0.15638799965381622,0,0.04734800010919571,-0.17670899629592896,0.9831240177154541,0,0.09868700057268143,5.791942119598389,0,1,-0.8573740124702454,-0.4225269854068756,0.29390600323677063,0,0.514693021774292,-0.7026339769363403,0.49132099747657776,0,-0.001088000019080937,0.5725169777870178,0.8198919892311096,0,13.961853981018066,-5.866764068603516,0.1643040031194687,1,0.9749529957771301,-0.2176010012626648,0.046011000871658325,0,0.1468770056962967,0.4745669960975647,-0.8678789734840393,0,0.16701599955558777,0.8528980016708374,0.4946410059928894,0,0,24.3056697845459,0,1,0.9296950101852417,-0.041753001511096954,-0.36595699191093445,0,0.3617050051689148,0.29109999537467957,0.8856809735298157,0,0.0695509985089302,-0.9557809829711914,0.28573599457740784,0,0,17.98106575012207,0,1,0.8426390290260315,-0.1173510029911995,-0.5255360007286072,0,0.48629099130630493,0.5849840044975281,0.6490870118141174,0,0.23125900328159332,-0.8025100231170654,0.5499979853630066,0,0,14.638616561889648,0,1,-0.8718199729919434,0.2757590115070343,-0.4048289954662323,0,-0.45560500025749207,-0.760013997554779,0.463467001914978,0,-0.17987099289894104,0.5885030031204224,0.7882329821586609,0,-13.961853981018066,-5.866764068603516,0.47316500544548035,1,0.9854289889335632,0.10625900328159332,0.13280999660491943,0,0.06290999799966812,0.49775800108909607,-0.8650310039520264,0,-0.15802499651908875,0.8607820272445679,0.48382100462913513,0,0,24.301692962646484,0,1,0.9391520023345947,0.14306899905204773,0.3122900128364563,0,-0.34010401368141174,0.2597309947013855,0.9038079977035522,0,0.04819599911570549,-0.955024003982544,0.29258498549461365,0,0,18.005645751953125,0,1,0.8914589881896973,0.09881799668073654,0.44219401478767395,0,-0.4278370141983032,0.5049049854278564,0.7496839761734009,0,-0.14918400347232819,-0.8575000166893005,0.4923810064792633,0,0,14.53553295135498,0,1
K0.033,0.9998350143432617,-0.018161000683903694,-0.00022999999055173248,0,0.018160000443458557,0.9998250007629395,-0.004395999945700169,0,0.00030999997397884727,0.004391000140458345,0.9999899864196777,0,0.11700298637151718,49.84081268310547,0.9099261164665222,1,0.9999750256538391,0.006783000193536282,-0.0021009999327361584,0,-0.006178999785333872,0.9769560098648071,0.21335099637508392,0,0.0034990001004189253,-0.21333199739456177,0.9769729971885681,0,0,10.525012969970703,-0.7856240272521973,1,0.9998430013656616,0.01770400069653988,-0.0009769999887794256,0,-0.01628500036895275,0.9386969804763794,0.34435799717903137,0,0.0070130000822246075,-0.3442879915237427,0.938838005065918,0,0,12.313343048095703,0,1,0.9998490214347839,0.017342999577522278,-0.0013960000360384583,0,-0.0166190005838871,0.9757189750671387,0.2183929979801178,0,0.005150000099092722,-0.21833699941635132,0.9758599996566772,0,0,14.072396278381348,0,1,0.9998689889907837,0.00016499981575179845,0.016157999634742737,0,-0.0022029997780919075,0.992002010345459,0.12620200216770172,0,-0.016008000820875168,-0.12622100114822388,0.991873025894165,0,0,15.83143424987793,0,1,0.9982820153236389,-0.042760998010635376,-0.04004399850964546,0,0.02483399584889412,0.9279689788818359,-0.3718299865722656,0,0.05305999889969826,0.37019699811935425,0.9274370074272156,0,0,14.680304527282715,3.0676159858703613,1,0.29754799604415894,0.32857298851013184,-0.8963840007781982,0,0.9429619908332825,-0.24796299636363983,0.22211800515651703,0,-0.14928799867630005,-0.911346971988678,-0.3836129903793335,0,8.183961868286133,13.256951332092285,-0.14518800377845764,1,0.8062570095062256,0.4021340012550354,0.4338650107383728,0,-0.5141500234603882,0.8390830159187317,0.17773599922657013,0,-0.29257500171661377,-0.3663730025291443,0.8832730054855347,0,0,16.932416915893555,0,1,0.6366140246391296,0.7690979838371277,0.056662000715732574,0,-0.7276930212974548,0.5747640132904053,0.37431201338768005,0,0.25531500577926636,-0.2795250117778778,0.925570011138916,0,0,22.398244857788086,0,1,0.7321180105209351,0.3761259913444519,0.5679200291633606,0,-0.386929988861084,0.9157959818840027,-0.10772000253200531,0,-0.5606150031089783,-0.1408820003271103,0.8160049915313721,0,0,33.47169494628906,0,1,0.7612659931182861,0.36835598945617676,-0.5336560010910034,0,0.11489701271057129,0.7333359718322754,0.6700869798660278,0,0.6381800174713135,-0.5714300274848938,0.5159410238265991,0,-4.7578630447387695,4.466963768005371,-0.000003999999989900971,1,0.968904972076416,-0.24634699523448944,0.023144999518990517,0,0.24738599359989166,0.9662719964981079,-0.07153800129890442,0,-0.004741999786347151,0.07503899931907654,0.997169017791748,0,-1.0412830114364624,5.116055011749268,0,1,0.9791319966316223,-0.20187591016292572,0.02337699942290783,0,0.20321491360664368,0.9714779853820801,-0.12220807373523712,0,0.001960003050044179,0.12440807372331619,0.9922289848327637,0,0.18398000299930573,6.19973611831665,0,1,0.9978950023651123,-0.06318499892950058,0.014617014676332474,0,0.048956990242004395,0.8817300200462341,0.4692080318927765,0,-0.04253501445055008,-0.4675050377845764,0.8829669952392578,0,0,7.075955867767334,0.23825600743293762,1,0.9999949932098389,-0.003073008032515645,-0.001121001085266471,0,0.0032700076699256897,0.9303690195083618,0.36660894751548767,0,-0.00008400165097555146,-0.36660993099212646,0.9303749799728394,0,0.1452530026435852,8.270981788635254,0,1,0.993245005607605,0.1150130107998848,0.015351009555161,0,-0.10939601808786392,0.8840979933738708,0.45431503653526306,0,0.038679998368024826,-0.45292603969573975,0.8907089829444885,0,-0.18368400633335114,6.899418830871582,0,1,0.2164279967546463,-0.3020919859409332,0.9283850193023682,0,-0.9632670283317566,-0.22092799842357635,0.1526699960231781,0,0.15898600220680237,-0.9273250102996826,-0.338809996843338,0,-8.183961868286133,13.263925552368164,-0.23862800002098083,1,0.8671420216560364,-0.2708970010280609,-0.417946994304657,0,0.4293209910392761,0.8319410085678101,0.3515079915523529,0,0.2524850070476532,-0.4842410087585449,0.8377130031585693,0,0,16.932416915893555,0,1,0.4158419966697693,-0.8342739939689636,-0.3620240092277527,0,0.9094340205192566,0.380484014749527,0.16781599819660187,0,-0.0022599983494728804,-0.39902201294898987,0.9169390201568604,0,0,22.42294692993164,0,1,0.9996150135993958,-0.022708993405103683,-0.01596198044717312,0,0.025856988504529,0.9709299802780151,0.237962007522583,0,0.010093983262777328,-0.23828300833702087,0.9711430072784424,0,0,33.44632339477539,0,1,0.6817839741706848,-0.5291889905929565,0.5051040053367615,0,-0.06922202557325363,0.6406890153884888,0.7646740078926086,0,-0.728272020816803,-0.556306004524231,0.40018001198768616,0,4.979205131530762,3.843290090560913,0,1,0.9411630034446716,0.33395299315452576,0.051833998411893845,0,-0.32399800419807434,0.9352449774742126,-0.1426289975643158,0,-0.09610799700021744,0.11744300276041031,0.9884179830551147,0,0.7765089869499207,4.971682071685791,0,1,0.973222017288208,0.17753587663173676,0.14601601660251617,0,-0.1458078771829605,0.967851996421814,-0.20494498312473297,0,-0.1777069866657257,0.17816700041294098,0.9678210020065308,0,0.04032500088214874,6.484291076660156,0,1,0.9516090154647827,-0.12141501158475876,0.28230899572372437,0,-0.09031800180673599,0.7675740122795105,0.634564995765686,0,-0.29373899102211,-0.6293550133705139,0.7194650173187256,0,0,7.823678016662598,0.08308099955320358,1,0.9701809883117676,-0.22925199568271637,-0.07868798822164536,0,0.23840799927711487,0.8440590500831604,0.4803389310836792,0,-0.04370099678635597,-0.48477593064308167,0.8735460638999939,0,-0.05889600142836571,8.570366859436035,0,1,0.9579790234565735,-0.2707040011882782,-0.09484600275754929,0,0.2830300033092499,0.945796012878418,0.1592630296945572,0,0.04659199342131615,-0.1794150322675705,0.9826700091362,0,0.09868700057268143,5.791942119598389,0,1,-0.8574039936065674,-0.42270100116729736,0.2935670018196106,0,0.5146409869194031,-0.7026159763336182,0.49140098690986633,0,-0.001451003015972674,0.5724120140075684,0.8199650049209595,0,13.961853981018066,-5.866764068603516,0.1643040031194687,1,0.97496098279953,-0.21757300198078156,0.045976001769304276,0,0.14678800106048584,0.4743419885635376,-0.8680170178413391,0,0.16704900562763214,0.8530309796333313,0.4944019913673401,0,0,24.3056697845459,0,1,0.9297729730606079,-0.04198699817061424,-0.36573201417922974,0,0.36158499121665955,0.2907229959964752,0.8858540058135986,0,0.0691319927573204,-0.9558860063552856,0.2854880094528198,0,0,17.98106575012207,0,1,0.8418520092964172,-0.11840900778770447,-0.526557981967926,0,0.4878290295600891,0.5843170285224915,0.6485339999198914,0,0.23088400065898895,-0.802839994430542,0.54967200756073,0,0,14.638616561889648,0,1,-0.871703028678894,0.2760849893093109,-0.4048579931259155,0,-0.45585501194000244,-0.7600089907646179,0.46323099732398987,0,-0.1798039972782135,0.5883569717407227,0.7883570194244385,0,-13.961853981018066,-5.866764068603516,0.47316500544548035,1,0.985306978225708,0.10681300610303879,0.1332699954509735,0,0.06304699927568436,0.4977230131626129,-0.8650410175323486,0,-0.15872900187969208,0.8607339859008789,0.4836759865283966,0,0,24.301692962646484,0,1,0.939005970954895,0.1427920013666153,0.312855988740921,0,-0.3405419886112213,0.25922998785972595,0.9037870168685913,0,0.04795199632644653,-0.9552019834518433,0.292044997215271,0,0,18.005645751953125,0,1,0.8912299871444702,0.0995510071516037,0.4424920082092285,0,-0.42871901392936707,0.5033000111579895,0.7502589821815491,0,-0.14801698923110962,-0.8583580255508423,0.49123600125312805,0,0,14.53553295135498,0,1
K0.067,0.9998350143432617,-0.018157999962568283,-0.00022800001897849143,0,0.01815599948167801,0.9998250007629395,-0.004397999960929155,0,0.00030800001695752144,0.004393000155687332,0.9999899864196777,0,0.11528801172971725,49.83662796020508,0.9221819043159485,1,0.9999750256538391,0.006777999922633171,-0.002107999986037612,0,-0.006171999964863062,0.9769560098648071,0.21335400640964508,0,0.0035059999208897352,-0.21333500742912292,0.9769729971885681,0,0,10.525012969970703,-0.7856240272521973,1,0.9998430013656616,0.017704999074339867,-0.0009759999811649323,0,-0.016284000128507614,0.9385830163955688,0.3446680009365082,0,0.007019000127911568,-0.3445979952812195,0.9387239813804626,0,0,12.313343048095703,0,1,0.9998490214347839,0.01734199933707714,-0.00139999995008111,0,-0.01661599986255169,0.97564697265625,0.21871499717235565,0,0.005158999934792519,-0.21865899860858917,0.9757879972457886,0,0,14.072396278381348,0,1,0.9998689889907837,0.00014600019494537264,0.016181999817490578,0,-0.0021890001371502876,0.9919909834861755,0.12629200518131256,0,-0.016033999621868134,-0.12631100416183472,0.9918609857559204,0,0,15.83143424987793,0,1,0.9982950091362,-0.04237200319766998,-0.040146999061107635,0,0.024387003853917122,0.9276490211486816,-0.37265700101852417,0,0.05303199961781502,0.37104201316833496,0.9271000027656555,0,0,14.680304527282715,3.0676159858703613,1,0.29737401008605957,0.32857200503349304,-0.8964430093765259,0,0.9430080056190491,-0.24794599413871765,0.2219409942626953,0,-0.14934499561786652,-0.9113519787788391,-0.38357898592948914,0,8.183961868286133,13.256951332092285,-0.14518800377845764,1,0.8059070110321045,0.40283700823783875,0.43386200070381165,0,-0.5146719813346863,0.8388959765434265,0.17710599303245544,0,-0.2926200032234192,-0.3660280108451843,0.8834009766578674,0,0,16.932416915893555,0,1,0.6360999941825867,0.7695109844207764,0.05682700127363205,0,-0.7280930280685425,0.5742160081863403,0.37437599897384644,0,0.25545498728752136,-0.2795160114765167,0.9255340099334717,0,0,22.398244857788086,0,1,0.7322810292243958,0.3758940100669861,0.5678629875183105,0,-0.3866260051727295,0.9159240126609802,-0.10772199928760529,0,-0.5606110095977783,-0.14066800475120544,0.8160439729690552,0,0,33.47169494628906,0,1,0.7623519897460938,0.36726900935173035,-0.5328540205955505,0,0.11652198433876038,0.7320160269737244,0.6712489724159241,0,0.6365870237350464,-0.5738170146942139,0.5152590274810791,0,-4.7578630447387695,4.466963768005371,-0.000003999999989900971,1,0.968904972076416,-0.24634599685668945,0.023145999759435654,0,0.24738599359989166,0.9662719964981079,-0.07153800129890442,0,-0.004741999786347151,0.07503899931907654,0.997169017791748,0,-1.0412830114364624,5.116055011749268,0,1,0.9810130000114441,-0.19253009557724,0.023357000201940536,0,0.1939280927181244,0.9723979830741882,-0.12974292039871216,0,0.002266997005790472,0.13180892169475555,0.99127197265625,0,0.18398000299930573,6.19973611831665,0,1,0.9978820085525513,-0.06303299963474274,0.01609598472714424,0,0.04797401279211044,0.880096971988678,0.47236397862434387,0,-0.04394098371267319,-0.4705919623374939,0.8812559843063354,0,0,7.075955867767334,0.23825600743293762,1,0.9999920129776001,-0.003860992146655917,-0.0012219989439472556,0,0.004042992368340492,0.9329900145530701,0.3598800599575043,0,-0.0002489983744453639,-0.35988205671310425,0.93299800157547,0,0.1452530026435852,8.270981788635254,0,1,0.9931120276451111,0.11603499203920364,0.016246991232037544,0,-0.1106099858880043,0.8827409744262695,0.45665496587753296,0,0.03864600136876106,-0.4553069770336151,0.8894960284233093,0,-0.18368400633335114,6.899418830871582,0,1,0.21673299372196198,-0.3025049865245819,0.9281799793243408,0,-0.9631410241127014,-0.22143200039863586,0.15272900462150574,0,0.15932799875736237,-0.9270700216293335,-0.3393470048904419,0,-8.183961868286133,13.263925552368164,-0.23862800002098083,1,0.8665120005607605,-0.2720099985599518,-0.4185290038585663,0,0.43030300736427307,0.8320059776306152,0.350151002407074,0,0.2529740035533905,-0.4835050106048584,0.8379899859428406,0,0,16.932416915893555,0,1,0.41631099581718445,-0.8338680267333984,-0.36242198944091797,0,0.9092199802398682,0.3808920085430145,0.16804799437522888,0,-0.002086001681163907,-0.39948099851608276,0.9167389869689941,0,0,22.42294692993164,0,1,0.9996579885482788,-0.02201000787317753,-0.01410001888871193,0,0.024750011041760445,0.9704989790916443,0.23983098566532135,0,0.00840601697564125,-0.2400979846715927,0.9707120060920715,0,0,33.44632339477539,0,1,0.6813290119171143,-0.5274990200996399,0.5074800252914429,0,-0.07115697860717773,0.6422849893569946,0.763155996799469,0,-0.7285109758377075,-0.5560709834098816,0.40007200837135315,0,4.979205131530762,3.843290090560913,0,1,0.9411640167236328,0.33395299315452576,0.051833998411893845,0,-0.32399699091911316,0.9352449774742126,-0.1426279991865158,0,-0.09610799700021744,0.11744300276041031,0.9884179830551147,0,0.7765089869499207,4.971682071685791,0,1,0.9750999808311462,0.1657141149044037,0.14737097918987274,0,-0.13419011235237122,0.9699779748916626,-0.2028220146894455,0,-0.1765570193529129,0.17799599468708038,0.9680629968643188,0,0.04032500088214874,6.484291076660156,0,1,0.9513469934463501,-0.12283298373222351,0.2825790047645569,0,-0.09053000062704086,0.7651950120925903,0.6374019980430603,0,-0.2945219874382019,-0.6319730281829834,0.7168449759483337,0,0,7.823678016662598,0.08308099955320358,1,0.970320999622345,-0.2292409986257553,-0.07698001712560654,0,0.23788300156593323,0.8476559519767761,0.47422707080841064,0,-0.04346000403165817,-0.4784640669822693,0.8770309686660767,0,-0.05889600142836571,8.570366859436035,0,1,0.9582070112228394,-0.26992300152778625,-0.09476599842309952,0,0.28238001465797424,0.945497989654541,0.16215896606445312,0,0.04583100602030754,-0.182141974568367,0.982204020023346,0,0.09868700057268143,5.791942119598389,0,1,-0.8573960065841675,-0.4229469895362854,0.29323598742485046,0,0.5146539807319641,-0.7026680111885071,0.49131301045417786,0,-0.0017519969260320067,0.5721650123596191,0.8201370239257812,0,13.961853981018066,-5.866764068603516,0.1643040031194687,1,0.9749550223350525,-0.21759499609470367,0.04598600044846535,0,0.14674000442028046,0.47399699687957764,-0.8682129979133606,0,0.1671220064163208,0.8532170057296753,0.49405500292778015,0,0,24.3056697845459,0,1,0.9298629760742188,-0.042128998786211014,-0.3654859960079193,0,0.36143600940704346,0.29009199142456055,0.8861209750175476,0,0.06869300454854965,-0.9560710191726685,0.28497299551963806,0,0,17.98106575012207,0,1,0.8410639762878418,-0.11946599185466766,-0.5275790095329285,0,0.48936396837234497,0.5836480259895325,0.6479799747467041,0,0.23050899803638458,-0.8031709790229797,0.5493469834327698,0,0,14.638616561889648,0,1,-0.8715919852256775,0.2763899862766266,-0.40488898754119873,0,-0.4560999870300293,-0.7599689960479736,0.4630550146102905,0,-0.17971999943256378,0.5882650017738342,0.788444995880127,0,-13.961853981018066,-5.866764068603516,0.47316500544548035,1,0.9851840138435364,0.10736799240112305,0.1337359994649887,0,0.06318700313568115,0.49769899249076843,-0.8650450110435486,0,-0.15943799912929535,0.8606789708137512,0.48353999853134155,0,0,24.301692962646484,0,1,0.9388610124588013,0.1425279974937439,0.3134100139141083,0,-0.3409770131111145,0.25880199670791626,0.9037460088729858,0,0.0476980023086071,-0.955357015132904,0.2915779948234558,0,0,18.005645751953125,0,1,0.890999972820282,0.10028199106454849,0.4427889883518219,0,-0.42959699034690857,0.5016949772834778,0.7508320212364197,0,-0.14685001969337463,-0.8592119812965393,0.4900909960269928,0,0,14.53553295135498,0,1
K0.100,0.9998350143432617,-0.018153000622987747,-0.00022400000307243317,0,0.01815200038254261,0.9998260140419006,-0.004399999976158142,0,0.00030399998649954796,0.004395000170916319,0.9999899864196777,0,0.11403000354766846,49.83489227294922,0.9390990138053894,1,0.9999750256538391,0.006771000102162361,-0.002116000046953559,0,-0.006163000129163265,0.976954996585846,0.21335700154304504,0,0.0035119999665766954,-0.2133380025625229,0.9769719839096069,0,0,10.525012969970703,-0.7856240272521973,1,0.9998430013656616,0.017704999074339867,-0.0009759999811649323,0,-0.01628199964761734,0.9385030269622803,0.34488800168037415,0,0.007023000158369541,-0.34481799602508545,0.9386429786682129,0,0,12.313343048095703,0,1,0.9998490214347839,0.017340000718832016,-0.0014039999805390835,0,-0.01661200076341629,0.975596010684967,0.2189439982175827,0,0.005166999995708466,-0.21888799965381622,0.9757360219955444,0,0,14.072396278381348,0,1,0.9998689889907837,0.00012199999764561653,0.016210999339818954,0,-0.002171000000089407,0.9919710159301758,0.12644700706005096,0,-0.01606599986553192,-0.12646499276161194,0.9918410181999207,0,0,15.83143424987793,0,1,0.998308002948761,-0.04198199883103371,-0.04022999852895737,0,0.023941000923514366,0.9272850155830383,-0.37358900904655457,0,0.052988000214099884,0.3719939887523651,0.92672199010849,0,0,14.680304527282715,3.0676159858703613,1,0.2972100079059601,0.32857099175453186,-0.8964970111846924,0,0.9430519938468933,-0.24792900681495667,0.22177599370479584,0,-0.14939799904823303,-0.9113569855690002,-0.38354700803756714,0,8.183961868286133,13.256951332092285,-0.14518800377845764,1,0.8056290149688721,0.4034389853477478,0.4338200092315674,0,-0.5151270031929016,0.8387140035629272,0.1766439974308014,0,-0.29258498549461365,-0.3657819926738739,0.8835139870643616,0,0,16.932416915893555,0,1,0.6356199979782104,0.7698969841003418,0.05697400122880936,0,-0.7284669876098633,0.5737059712409973,0.37443000078201294,0,0.25558599829673767,-0.27949899435043335,0.9255030155181885,0,0,22.398244857788086,0,1,0.7324270009994507,0.37568700313568115,0.5678120255470276,0,-0.3863550126552582,0.9160379767417908,-0.10772400349378586,0,-0.5606080293655396,-0.1404770016670227,0.8160790205001831,0,0,33.47169494628906,0,1,0.7634739875793457,0.3661530017852783,-0.5320150256156921,0,0.11823900043964386,0.7305909991264343,0.6725010275840759,0,0.634922981262207,-0.5763409733772278,0.5144929885864258,0,-4.7578630447387695,4.466963768005371,-0.000003999999989900971,1,0.968904972076416,-0.24634599685668945,0.023144999518990517,0,0.24738599359989166,0.9662730097770691,-0.07153800129890442,0,-0.004741999786347151,0.07503899931907654,0.997169017791748,0,-1.0412830114364624,5.116055011749268,0,1,0.9828780293464661,-0.18277299404144287,0.02332399971783161,0,0.184239000082016,0.9732139706611633,-0.13751499354839325,0,0.0024339999072253704,0.13945800065994263,0.9902250170707703,0,0.18398000299930573,6.19973611831665,0,1,0.9978669881820679,-0.06288500130176544,0.017539000138640404,0,0.047001998871564865,0.8784559965133667,0.475504994392395,0,-0.045308999717235565,-0.4736660122871399,0.8795379996299744,0,0,7.075955867767334,0.23825600743293762,1,0.9999880194664001,-0.004633000120520592,-0.001246000058017671,0,0.004774999804794788,0.9355970025062561,0.3530389964580536,0,-0.00046999999904073775,-0.35304000973701477,0.9356080293655396,0,0.1452530026435852,8.270981788635254,0,1,0.9929760098457336,0.11706200242042542,0.017162999138236046,0,-0.11183600127696991,0.8813490271568298,0.45903998613357544,0,0.03860900178551674,-0.45773500204086304,0.8882499933242798,0,-0.18368400633335114,6.899418830871582,0,1,0.217056006193161,-0.302947998046875,0.9279599785804749,0,-0.9630150198936462,-0.2219340056180954,0.1528020054101944,0,0.15965400636196136,-0.9268050193786621,-0.3399159908294678,0,-8.183961868286133,13.263925552368164,-0.23862800002098083,1,0.8660230040550232,-0.27280300855636597,-0.4190259873867035,0,0.43096598982810974,0.832181990146637,0.3489150106906891,0,0.25352001190185547,-0.4827539920806885,0.8382580280303955,0,0,16.932416915893555,0,1,0.4167479872703552,-0.8334919810295105,-0.3627839982509613,0,0.9090200066566467,0.38127100467681885,0.168272003531456,0,-0.0019340000580996275,-0.3999049961566925,0.9165549874305725,0,0,22.42294692993164,0,1,0.9996910095214844,-0.021510999649763107,-0.012454000301659107,0,0.023886000737547874,0.970022976398468,0.24183499813079834,0,0.006878000218421221,-0.24205699563026428,0.9702379703521729,0,0,33.44632339477539,0,1,0.6808580160140991,-0.5256940126419067,0.5099779963493347,0,-0.07316700369119644,0.6439939737319946,0.7615230083465576,0,-0.728751003742218,-0.5558030009269714,0.4000050127506256,0,4.979205131530762,3.843290090560913,0,1,0.9411640167236328,0.33395299315452576,0.051833998411893845,0,-0.32399800419807434,0.9352449774742126,-0.1426289975643158,0,-0.09610900282859802,0.11744300276041031,0.9884179830551147,0,0.7765089869499207,4.971682071685791,0,1,0.9768909811973572,0.15341700613498688,0.1488180011510849,0,-0.12208600342273712,0.972025990486145,-0.20065200328826904,0,-0.17543800175189972,0.1778469979763031,0.9682930111885071,0,0.04032500088214874,6.484291076660156,0,1,0.9510939717292786,-0.12424299865961075,0.28281301259994507,0,-0.09072600305080414,0.7628139853477478,0.6402220129966736,0,-0.2952769994735718,-0.634568989276886,0.7142360210418701,0,0,7.823678016662598,0.08308099955320358,1,0.9704740047454834,-0.22919000685214996,-0.07517799735069275,0,0.23729099333286285,0.8512610197067261,0.4680260121822357,0,-0.04327100142836571,-0.47204598784446716,0.8805109858512878,0,-0.05889600142836571,8.570366859436035,0,1,0.9584360122680664,-0.26913899183273315,-0.0946820005774498,0,0.28172799944877625,0.9451810121536255,0.1651110053062439,0,0.04505399987101555,-0.184922993183136,0.981719970703125,0,0.09868700057268143,5.791942119598389,0,1,-0.8573960065841675,-0.42324399948120117,0.29280999302864075,0,0.5146539807319641,-0.7028710246086121,0.491021990776062,0,-0.002013999968767166,0.5716959834098816,0.8204630017280579,0,13.961853981018066,-5.866764068603516,0.1643040031194687,1,0.974931001663208,-0.2176930010318756,0.046025000512599945,0,0.14676900207996368,0.47370898723602295,-0.8683649897575378,0,0.16723500192165375,0.8533520102500916,0.49378499388694763,0,0,24.3056697845459,0,1,0.9299709796905518,-0.04216400161385536,-0.3652060031890869,0,0.36123600602149963,0.2893030047416687,0.8864610195159912,0,0.0682779997587204,-0.9563090205192566,0.28427401185035706,0,0,17.98106575012207,0,1,0.8402990102767944,-0.12054400146007538,-0.5285509824752808,0,0.49086201190948486,0.5830169916152954,0.6474149823188782,0,0.2301120012998581,-0.8034679889678955,0.5490790009498596,0,0,14.638616561889648,0,1,-0.8714820146560669,0.27680298686027527,-0.4048449993133545,0,-0.45633599162101746,-0.7600820064544678,0.46263599395751953,0,-0.1796569973230362,0.5879240036010742,0.7887129783630371,0,-13.961853981018066,-5.866764068603516,0.47316500544548035,1,0.9850419759750366,0.10792999714612961,0.13432399928569794,0,0.06339000165462494,0.4978939890861511,-0.8649179935455322,0,-0.16022999584674835,0.8604959845542908,0.4836049973964691,0,0,24.301692962646484,0,1,0.9386979937553406,0.14236700534820557,0.31397199630737305,0,-0.3414419889450073,0.2582469880580902,0.9037290215492249,0,0.047579001635313034,-0.9555310010910034,0.2910259962081909,0,0,18.005645751953125,0,1,0.8907769918441772,0.10099299997091293,0.4430769979953766,0,-0.4304490089416504,0.500120997428894,0.7513939738273621,0,-0.14570599794387817,-0.8600460290908813,0.48896899819374084,0,0,14.53553295135498,0,1
