0.700,30,20,41
B0,mixamorig_Hips,-1,0.5992940664291382,0.04755600169301033,0.7990862131118774,0,-0.12770584225654602,0.991051435470581,0.03676723688840866,0,-0.7902631163597107,-0.12407699972391129,0.5999747514724731,0,-0.7809032797813416,45.58775329589844,-3.431718349456787,1
B1,mixamorig_Spine,0,0.9960009455680847,-0.07374335825443268,-0.05006285384297371,0,0.07631485909223557,0.9956644177436829,0.05253394693136215,0,0.045989442616701126,-0.056160129606723785,0.9973152875900269,0,0,10.525012969970703,-0.7856240272521973,1
B2,mixamorig_Spine1,1,0.9980318546295166,0.059800997376441956,-0.018548153340816498,0,-0.05937004089355469,0.9979686141014099,0.022741219028830528,0,0.019862869754433632,-0.021601049229502678,0.9995644092559814,0,0,12.313343048095703,0,1
B3,mixamorig_Spine2,2,0.999841570854187,-0.0024368781596422195,-0.017433136701583862,0,-0.00083074567373842,0.9825246334075928,-0.185783252120018,0,0.017605721950531006,0.18577194213867188,0.9823707342147827,0,0,14.072396278381348,0,1
B4,mixamorig_Neck,3,0.9884199500083923,-0.044746559113264084,-0.14477626979351044,0,0.055934660136699677,0.9953934550285339,0.07433568686246872,0,0.14062142372131348,-0.08156454563140869,0.9864574670791626,0,0,15.83143424987793,0,1
B5,mixamorig_Head,4,0.9251367449760437,-0.17594626545906067,-0.3362194299697876,0,0.09891804307699203,0.9660153985023499,-0.2343047857284546,0,0.366403192281723,0.1835099160671234,0.9110227227210999,0,0,14.680304527282715,3.0676159858703613,1
B6,mixamorig_HeadTop_End,5,1,0,0,0,0,1,0,0,0,0,1,0,0,52.596832275390625,10.990701675415039,1
B7,mixamorig_LeftShoulder,3,0.2000824362039566,-0.008037465624511242,-0.9797192215919495,0,0.9342681169509888,-0.2995198369026184,0.1933022290468216,0,-0.29498618841171265,-0.9540176391601562,-0.052389051765203476,0,8.183961868286133,13.256951332092285,-0.14518800377845764,1
B8,mixamorig_LeftArm,7,0.9879611730575562,0.13853222131729126,0.06611566245555878,0,-0.1510356068611145,0.7989969253540039,0.5820245742797852,0,0.02777322381734848,-0.5849418044090271,0.8103866577148438,0,0,16.932416915893555,0,1
B9,mixamorig_LeftForeArm,8,0.32817915081977844,0.8539780974388123,0.3992944657802582,0,-0.9231444001197815,0.37642326951026917,-0.04913773760199547,0,-0.19066961109638214,-0.35251447558403015,0.9149513244628906,0,0,22.398244857788086,0,1
B10,mixamorig_LeftHand,9,0.9539533853530884,0.11179594695568085,-0.2763458788394928,0,-0.0156499482691288,0.9438197016716003,0.3274834156036377,0,0.2985426187515259,-0.3082151412963867,0.902909517288208,0,0,33.47169494628906,0,1
B11,mixamorig_LeftHandThumb1,10,0.8672000169754028,0.4926440119743347,-0.07256600260734558,0,-0.3629409968852997,0.7250900268554688,0.5852500200271606,0,0.3409369885921478,-0.4811919927597046,0.8075990080833435,0,-4.7578630447387695,4.466963768005371,-0.000003999999989900971,1
B12,mixamorig_LeftHandThumb2,11,0.9759160280227661,-0.08922762423753738,-0.19906499981880188,0,0.09864699840545654,0.9944009780883789,0.03789399936795235,0,0.19456937909126282,-0.05661800131201744,0.9792529940605164,0,-1.0412830114364624,5.116055011749268,0,1
B13,mixamorig_LeftHandThumb3,12,0.7033960223197937,0.2702609896659851,-0.6574140191078186,0,0.24473600089550018,0.7762579917907715,0.5809710025787354,0,0.6673359870910645,-0.5695459842681885,0.47987401485443115,0,0.18398000299930573,6.19973611831665,0,1
B14,mixamorig_LeftHandThumb4,13,1,0,0,0,0,1,0,0,0,0,1,0,0.8573030233383179,4.033854007720947,0,1
B15,mixamorig_LeftHandIndex1,10,0.9132369756698608,0.3243526220321655,0.24656200408935547,0,-0.29613998532295227,0.11281599849462509,0.9484590291976929,0,0.2798190116882324,-0.9391850233078003,0.19908200204372406,0,0,7.075955867767334,0.23825600743293762,1
B16,mixamorig_LeftHandIndex2,15,0.9682289958000183,0.23159337043762207,0.09432099759578705,0,-0.18166300654411316,0.3922249972820282,0.9017530083656311,0,0.17184500396251678,-0.8902379870414734,0.4218350052833557,0,0.1452530026435852,8.270981788635254,0,1
B17,mixamorig_LeftHandIndex3,16,0.9731090068817139,0.20616599917411804,0.1027349978685379,0,-0.17018799483776093,0.3429463803768158,0.9238089919090271,0,0.15522600710391998,-0.9164509773254395,0.3688110113143921,0,-0.18368400633335114,6.899418830871582,0,1
B18,mixamorig_LeftHandIndex4,17,1,0,0,0,0,1,0,0,0,0,1,0,0.03843099996447563,4.820864200592041,0,1
B19,mixamorig_RightShoulder,3,-0.3844297230243683,0.1306326687335968,0.9138631224632263,0,-0.8856953382492065,-0.3313097357749939,-0.3252246677875519,0,0.2602873146533966,-0.9344302415847778,0.2430681586265564,0,-8.183961868286133,13.263925552368164,-0.23862800002098083,1
B20,mixamorig_RightArm,19,0.9933275580406189,0.045460015535354614,-0.10325009375810623,0,0.015737995505332947,0.8465977907180786,0.5305924415588379,0,0.11208554357290268,-0.5290092825889587,0.8402190804481506,0,0,16.932416915893555,0,1
B21,mixamorig_RightForeArm,20,0.32861387729644775,-0.9242569208145142,-0.19131173193454742,0,0.944028913974762,0.32569652795791626,0.05032050982117653,0,0.01595708727836609,-0.19701653718948364,0.9796091318130493,0,0,22.42294692993164,0,1
B22,mixamorig_RightHand,21,0.9102811813354492,-0.3505934774875641,0.219701886177063,0,0.34844014048576355,0.9355547428131104,0.04971770942211151,0,-0.2233571857213974,0.0313749797642231,0.9738808870315552,0,0,33.44632339477539,0,1
B23,mixamorig_RightHandThumb1,22,0.9483019709587097,-0.17550599575042725,0.26442500948905945,0,-0.10973899811506271,0.6004539728164673,0.7920939922332764,0,-0.297791987657547,-0.78016197681427,0.5501520037651062,0,4.979205131530762,3.843290090560913,0,1
B24,mixamorig_RightHandThumb2,23,0.9550700187683105,-0.10466200113296509,0.27728399634361267,0,0.16278600692749023,0.9670640230178833,-0.19567200541496277,0,-0.24767200648784637,0.2320183664560318,0.9406520128250122,0,0.7765089869499207,4.971682071685791,0,1
B25,mixamorig_RightHandThumb3,24,0.9518527388572693,0.09450850635766983,-0.2916247844696045,0,-0.16057197749614716,0.9640603065490723,-0.21167175471782684,0,0.261139452457428,0.2483072131872177,0.9328186511993408,0,0.04032500088214874,6.484291076660156,0,1
B26,mixamorig_RightHandThumb4,25,1,0,0,0,0,1,0,0,0,0,1,0,-0.8168330192565918,4.664699077606201,0,1
B27,mixamorig_RightHandIndex1,22,0.9909273982048035,-0.10142643004655838,-0.08817905932664871,0,0.1257247030735016,0.46768438816070557,0.8749080300331116,0,-0.04749852791428566,-0.878057062625885,0.47619345784187317,0,0,7.823678016662598,0.08308099955320358,1
B28,mixamorig_RightHandIndex2,27,0.9714289903640747,-0.22116899490356445,-0.08608300238847733,0,0.17103999853134155,0.400958389043808,0.8999876379966736,0,-0.16453300416469574,-0.8889979720115662,0.4273313879966736,0,-0.05889600142836571,8.570366859436035,0,1
B29,mixamorig_RightHandIndex3,28,0.984578013420105,-0.1646726280450821,-0.059066999703645706,0,0.13554200530052185,0.5045560002326965,0.8526729941368103,0,-0.11060900241136551,-0.8475293517112732,0.5190950036048889,0,0.09868700057268143,5.791942119598389,0,1
B30,mixamorig_RightHandIndex4,29,1,0,0,0,0,1,0,0,0,0,1,0,-0.03979099914431572,4.182465076446533,0,1
B31,mixamorig_LeftUpLeg,0,-0.6443465352058411,-0.03977053239941597,0.763645350933075,0,0.662346363067627,-0.5276927351951599,0.531150758266449,0,0.381735235452652,0.8480862379074097,0.3664637804031372,0,13.961853981018066,-5.866764068603516,0.1643040031194687,1
B32,mixamorig_LeftLeg,31,0.9329192042350769,-0.07903660833835602,-0.34974679350852966,0,-0.2125634253025055,0.6636847853660583,-0.7159858345985413,0,0.2898538410663605,0.7426753640174866,0.6029052138328552,0,0,24.3056697845459,0,1
B33,mixamorig_LeftFoot,32,0.9065443873405457,-0.37392881512641907,-0.1939041018486023,0,0.39520642161369324,0.5945320725440979,0.6999379992485046,0,-0.14616550505161285,-0.7112261056900024,0.6871792078018188,0,0,17.98106575012207,0,1
B34,mixamorig_LeftToeBase,33,0.8765149712562561,0.022381000220775604,-0.4808543622493744,0,0.3414529860019684,0.675208330154419,0.6538376212120056,0,0.3393103778362274,-0.7372876405715942,0.5841883420944214,0,0,14.638616561889648,0,1
B35,mixamorig_LeftToe_End,34,1,0,0,0,0,1,0,0,0,0,1,0,0,5.677577018737793,0,1
B36,mixamorig_RightUpLeg,0,-0.6217554807662964,0.5678868293762207,-0.5392531752586365,0,-0.7130681872367859,-0.6952843070030212,0.08986023813486099,0,-0.3239479959011078,0.44038426876068115,0.8372442126274109,0,-13.961853981018066,-5.866764068603516,0.47316500544548035,1
B37,mixamorig_RightLeg,36,0.9852476716041565,0.09864814579486847,0.1398373544216156,0,0.07357679307460785,0.493511825799942,-0.8664977550506592,0,-0.15450039505958557,0.8640027642250061,0.4789721369743347,0,0,24.301692962646484,0,1
B38,mixamorig_RightFoot,37,0.8323216438293457,0.4448157846927643,0.33067527413368225,0,-0.33598431944847107,-0.06969001144170761,0.9391559362411499,0,0.440788596868515,-0.8927846550941467,0.09144708514213562,0,0,18.005645751953125,0,1
B39,mixamorig_RightToeBase,38,0.9120093584060669,-0.014980999752879143,0.4098956286907196,0,-0.29097801446914673,0.6806960105895996,0.672298014163971,0,-0.2890860140323639,-0.7324129939079285,0.6164420247077942,0,0,14.53553295135498,0,1
B40,mixamorig_RightToe_End,39,1,0,0,0,0,1,0,0,0,0,1,0,0,5.66837215423584,0,1
@34,0,1,2,3,4,5,7,8,9,10,11,12,13,15,16,17,19,20,21,22,23,24,25,27,28,29,31,32,33,34,36,37,38,39
K0.000,0.5846019983291626,-0.008768999949097633,0.8112729787826538,0,-0.12422800064086914,0.9871829748153687,0.10018900036811829,0,-0.8017529845237732,-0.15935400128364563,0.5760200023651123,0,0.27457499504089355,45.8156852722168,-1.290714979171753,1,0.9965909719467163,-0.051263999193906784,-0.0646359995007515,0,0.05463699996471405,0.9971749782562256,0.051552001386880875,0,0.061810001730918884,-0.05490799993276596,0.9965760111808777,0,0,10.525012969970703,-0.7856240272521973,1,0.9988700151443481,0.04274800047278404,-0.020786000415682793,0,-0.04228900000452995,0.9988620281219482,0.02204499952495098,0,0.02170499972999096,-0.02114100009202957,0.9995409846305847,0,0,12.313343048095703,0,1,0.9995750188827515,0.020034000277519226,-0.021164000034332275,0,-0.019951999187469482,0.9997929930686951,0.0040710000321269035,0,0.021240999922156334,-0.003647000063210726,0.9997680187225342,0,0,14.072396278381348,0,1,0.985069990158081,-0.020208999514579773,-0.1709669977426529,0,0.027000999078154564,0.9989320039749146,0.03749699890613556,0,0.1700260043144226,-0.04155300185084343,0.9845629930496216,0,0,15.83143424987793,0,1,0.9123830199241638,-0.11264300346374512,-0.39353299140930176,0,0.07962500303983688,0.9918659925460815,-0.09930200129747391,0,0.40151798725128174,0.05926699936389923,0.9139320254325867,0,0,14.680304527282715,3.0676159858703613,1,0.1505659967660904,-0.041482001543045044,-0.987729012966156,0,0.9222109913825989,-0.3540650010108948,0.1554490029811859,0,-0.3561680018901825,-0.9343000054359436,-0.015054999850690365,0,8.183961868286133,13.256951332092285,-0.14518800377845764,1,0.9743120074272156,0.22519999742507935,-0.001196000026538968,0,-0.1925320029258728,0.8357059955596924,0.5143219828605652,0,0.11682499945163727,-0.5008800029754639,0.8575959801673889,0,0,16.932416915893555,0,1,-0.014007000252604485,0.8024410009384155,0.5965679883956909,0,-0.9984040260314941,-0.04386899992823601,0.03556700050830841,0,0.0547109991312027,-0.5951169729232788,0.8017740249633789,0,0,22.398244857788086,0,1,0.9587600231170654,0.01793299987912178,-0.28365200757980347,0,-0.011300000362098217,0.9996240139007568,0.025002000853419304,0,0.28399398922920227,-0.020764999091625214,0.9586009979248047,0,0,33.47169494628906,0,1,0.8672000169754028,0.4926440119743347,-0.07256600260734558,0,-0.3629409968852997,0.7250900268554688,0.5852500200271606,0,0.3409369885921478,-0.4811919927597046,0.8075990080833435,0,-4.7578630447387695,4.466963768005371,-0.000003999999989900971,1,0.9759160280227661,-0.08922699838876724,-0.19906499981880188,0,0.09864699840545654,0.9944009780883789,0.03789399936795235,0,0.19457000494003296,-0.05661800131201744,0.9792529940605164,0,-1.0412830114364624,5.116055011749268,0,1,0.7033960223197937,0.2702600061893463,-0.6574140191078186,0,0.24473699927330017,0.7762579917907715,0.5809720158576965,0,0.6673359870910645,-0.5695469975471497,0.47987401485443115,0,0.18398000299930573,6.19973611831665,0,1,0.913237988948822,0.3243519961833954,0.24656200408935547,0,-0.29613998532295227,0.11281599849462509,0.9484590291976929,0,0.2798190116882324,-0.9391850233078003,0.19908200204372406,0,0,7.075955867767334,0.23825600743293762,1,0.9682289958000183,0.2315939962863922,0.09432099759578705,0,-0.18166300654411316,0.3922249972820282,0.9017530083656311,0,0.17184500396251678,-0.8902379870414734,0.4218350052833557,0,0.1452530026435852,8.270981788635254,0,1,0.9731090068817139,0.20616599917411804,0.1027349978685379,0,-0.17018799483776093,0.34294700622558594,0.9238089919090271,0,0.15522600710391998,-0.9164509773254395,0.3688119947910309,0,-0.18368400633335114,6.899418830871582,0,1,-0.3592810034751892,0.12396500259637833,0.9249590039253235,0,-0.8898149728775024,-0.34428900480270386,-0.29948800802230835,0,0.2813279926776886,-0.9306439757347107,0.2340019941329956,0,-8.183961868286133,13.263925552368164,-0.23862800002098083,1,0.9972090125083923,0.021971000358462334,0.07135500013828278,0,-0.0592929981648922,0.813850998878479,0.5780400037765503,0,-0.04537200182676315,-0.5806580185890198,0.8128820061683655,0,0,16.932416915893555,0,1,0.27877700328826904,-0.9500979781150818,-0.1399870067834854,0,0.9583830237388611,0.2658950090408325,0.10393299907445908,0,-0.061524998396635056,-0.16313500702381134,0.9846839904785156,0,0,22.42294692993164,0,1,0.8531450033187866,-0.48429200053215027,0.19391900300979614,0,0.451555997133255,0.8716989755630493,0.19036200642585754,0,-0.2612299919128418,-0.07484100013971329,0.9623709917068481,0,0,33.44632339477539,0,1,0.9483019709587097,-0.17550599575042725,0.26442500948905945,0,-0.1097399964928627,0.6004539728164673,0.7920939922332764,0,-0.297791987657547,-0.78016197681427,0.550150990486145,0,4.979205131530762,3.843290090560913,0,1,0.955070972442627,-0.10466200113296509,0.27728399634361267,0,0.16278499364852905,0.9670640230178833,-0.19567200541496277,0,-0.2476709932088852,0.23201900720596313,0.9406520128250122,0,0.7765089869499207,4.971682071685791,0,1,0.9518250226974487,0.09508799761533737,-0.2915259897708893,0,-0.16130900382995605,0.9637979865074158,-0.2123049944639206,0,0.2607850134372711,0.24910299479961395,0.9327049851417542,0,0.04032500088214874,6.484291076660156,0,1,0.990822970867157,-0.1034339964389801,-0.08701100200414658,0,0.12564599514007568,0.46751898527145386,0.8750079870223999,0,-0.0498259998857975,-0.8779109716415405,0.47622400522232056,0,0,7.823678016662598,0.08308099955320358,1,0.9714289903640747,-0.22116899490356445,-0.08608300238847733,0,0.17103999853134155,0.40095800161361694,0.8999879956245422,0,-0.16453300416469574,-0.8889979720115662,0.42733100056648254,0,-0.05889600142836571,8.570366859436035,0,1,0.984578013420105,-0.16467300057411194,-0.059066999703645706,0,0.13554200530052185,0.5045560002326965,0.8526729941368103,0,-0.11060900241136551,-0.8475300073623657,0.5190939903259277,0,0.09868700057268143,5.791942119598389,0,1,-0.615024983882904,-0.074754998087883,0.7849559783935547,0,0.73232102394104,-0.4232049882411957,0.533482015132904,0,0.2923170030117035,0.9029449820518494,0.3150259852409363,0,13.961853981018066,-5.866764068603516,0.1643040031194687,1,0.948399007320404,-0.1997849941253662,-0.24622300267219543,0,-0.11230400204658508,0.5145490169525146,-0.8500750064849854,0,0.2965260148048401,0.8338620066642761,0.4655599892139435,0,0,24.3056697845459,0,1,0.9468330144882202,-0.2454179972410202,-0.20803199708461761,0,0.31238898634910583,0.546658992767334,0.7769020199775696,0,-0.07694300264120102,-0.8005840182304382,0.5942599773406982,0,0,17.98106575012207,0,1,0.8765140175819397,0.022377999499440193,-0.48085498809814453,0,0.34145599603652954,0.6752079725265503,0.6538370251655579,0,0.3393079936504364,-0.7372879981994629,0.5841879844665527,0,0,14.638616561889648,0,1,-0.6636750102043152,0.5214470028877258,-0.5363100171089172,0,-0.6603969931602478,-0.7451710104942322,0.09271200001239777,0,-0.3512980043888092,0.4157080054283142,0.8389139771461487,0,-13.961853981018066,-5.866764068603516,0.47316500544548035,1,0.992048978805542,-0.00016199999663513154,0.12585300207138062,0,0.09595999866724014,0.6479840278625488,-0.7555850148200989,0,-0.08142799884080887,0.7616540193557739,0.6428470015525818,0,0,24.301692962646484,0,1,0.7803360223770142,0.5299550294876099,0.3319990038871765,0,-0.4154750108718872,0.0425570011138916,0.9086089730262756,0,0.46739301085472107,-0.8469570279121399,0.25339099764823914,0,0,18.005645751953125,0,1,0.9120150208473206,-0.014949999749660492,0.4098840057849884,0,-0.2909800112247467,0.6807180047035217,0.6722750067710876,0,-0.28906598687171936,-0.7323930263519287,0.616474986076355,0,0,14.53553295135498,0,1
K0.033,0.5903031229972839,0.02563939429819584,0.8067748546600342,0,-0.12652961909770966,0.9900780320167542,0.06111423298716545,0,-0.797203004360199,-0.1381572186946869,0.5876901745796204,0,0.4367070198059082,45.33473587036133,-0.93463534116745,1,0.997061014175415,-0.03528682515025139,-0.06799602508544922,0,0.0391218364238739,0.997668981552124,0.05591316893696785,0,0.06586503237485886,-0.058409158140420914,0.9961180090904236,0,0,10.525012969970703,-0.7856240272521973,1,0.9986699819564819,0.04644913598895073,-0.022374000400304794,0,-0.04568113386631012,0.9983879923820496,0.033671144396066666,0,0.023902013897895813,-0.032604143023490906,0.9991829991340637,0,0,12.313343048095703,0,1,0.9992210268974304,0.01585393212735653,0.036146365106105804,0,-0.02393009327352047,0.9716067314147949,0.23538702726364136,0,-0.031388334929943085,-0.23606903851032257,0.971229612827301,0,0,14.072396278381348,0,1,0.9828190803527832,-0.025984136387705803,-0.1827355921268463,0,0.00809520948678255,0.99515700340271,-0.09796677529811859,0,0.18439660966396332,0.09480475634336472,0.9782690405845642,0,0,15.83143424987793,0,1,0.9082370400428772,-0.17235124111175537,-0.3813146948814392,0,0.07735933363437653,0.9646890163421631,-0.25177398324012756,0,0.4112437665462494,0.19917190074920654,0.8894991278648376,0,0,14.680304527282715,3.0676159858703613,1,0.10887157171964645,-0.03497091680765152,-0.9934400320053101,0,0.9220399260520935,-0.36990517377853394,0.11406757682561874,0,-0.371468186378479,-0.9284109473228455,-0.00802693236619234,0,8.183961868286133,13.256951332092285,-0.14518800377845764,1,0.9832419753074646,0.1640068143606186,0.07960712909698486,0,-0.18230590224266052,0.8830398917198181,0.4324422776699066,0,0.0006268573924899101,-0.43970829248428345,0.8981409072875977,0,0,16.932416915893555,0,1,-0.10504162311553955,0.8245983123779297,0.5558815598487854,0,-0.9896000623703003,-0.1419113278388977,0.0235127042979002,0,0.0982743501663208,-0.5476306676864624,0.8309292197227478,0,0,22.398244857788086,0,1,0.9513997435569763,0.1443593055009842,-0.272027850151062,0,-0.12177503108978271,0.9876836538314819,0.09824210405349731,0,0.282859206199646,-0.060340747237205505,0.957261860370636,0,0,33.47169494628906,0,1,0.8672000169754028,0.4926440119743347,-0.072564996778965,0,-0.3629409968852997,0.7250900268554688,0.5852500200271606,0,0.34093600511550903,-0.4811919927597046,0.8075990080833435,0,-4.7578630447387695,4.466963768005371,-0.000003999999989900971,1,0.9759160280227661,-0.08922699838876724,-0.19906499981880188,0,0.09864699840545654,0.9944009780883789,0.03789399936795235,0,0.19457000494003296,-0.05661800131201744,0.9792529940605164,0,-1.0412830114364624,5.116055011749268,0,1,0.7033960223197937,0.2702600061893463,-0.6574140191078186,0,0.24473699927330017,0.7762579917907715,0.5809710025787354,0,0.6673359870910645,-0.5695459842681885,0.47987401485443115,0,0.18398000299930573,6.19973611831665,0,1,0.9132369756698608,0.32435300946235657,0.24656200408935547,0,-0.29613998532295227,0.11281599849462509,0.9484590291976929,0,0.2798190116882324,-0.9391850233078003,0.19908200204372406,0,0,7.075955867767334,0.23825600743293762,1,0.9682289958000183,0.2315939962863922,0.09432099759578705,0,-0.18166300654411316,0.3922249972820282,0.9017530083656311,0,0.17184500396251678,-0.8902379870414734,0.4218359887599945,0,0.1452530026435852,8.270981788635254,0,1,0.9731090068817139,0.20616699755191803,0.1027349978685379,0,-0.17018799483776093,0.34294599294662476,0.9238089919090271,0,0.15522600710391998,-0.9164509773254395,0.3688110113143921,0,-0.18368400633335114,6.899418830871582,0,1,-0.3690272271633148,0.12090194970369339,0.9215209484100342,0,-0.8848878741264343,-0.3489331007003784,-0.30857720971107483,0,0.2842410206794739,-0.929315984249115,0.23575004935264587,0,-8.183961868286133,13.263925552368164,-0.23862800002098083,1,0.9968730211257935,0.07263331115245819,0.031112700700759888,0,-0.07814514636993408,0.847930371761322,0.5243163108825684,0,0.01170134637504816,-0.525108277797699,0.8509544134140015,0,0,16.932416915893555,0,1,0.17733991146087646,-0.9832960963249207,-0.04096756502985954,0,0.9816181063652039,0.17374594509601593,0.07897774130105972,0,-0.07053982466459274,-0.05422046780586243,0.9960340261459351,0,0,22.42294692993164,0,1,0.9131594896316528,-0.3689964711666107,0.1731509417295456,0,0.3202723264694214,0.9123141765594482,0.2551608085632324,0,-0.25212177634239197,-0.17754718661308289,0.95126873254776,0,0,33.44632339477539,0,1,0.9483019709587097,-0.17550599575042725,0.26442500948905945,0,-0.10973899811506271,0.6004530191421509,0.7920939922332764,0,-0.297791987657547,-0.78016197681427,0.550150990486145,0,4.979205131530762,3.843290090560913,0,1,0.9550700187683105,-0.10466200113296509,0.27728399634361267,0,0.16278600692749023,0.9670640230178833,-0.19567200541496277,0,-0.24767200648784637,0.23201799392700195,0.9406520128250122,0,0.7765089869499207,4.971682071685791,0,1,0.9518330097198486,0.09490899741649628,-0.29155799746513367,0,-0.161080002784729,0.9638800024986267,-0.21210500597953796,0,0.2608959972858429,0.24885299801826477,0.9327409863471985,0,0.04032500088214874,6.484291076660156,0,1,0.9908589720726013,-0.1027979925274849,-0.08735699951648712,0,0.12565000355243683,0.4675860106945038,0.8749709725379944,0,-0.049098990857601166,-0.8779500126838684,0.4762290120124817,0,0,7.823678016662598,0.08308099955320358,1,0.9714289903640747,-0.22116899490356445,-0.08608300238847733,0,0.17103999853134155,0.40095800161361694,0.8999879956245422,0,-0.16453300416469574,-0.8889979720115662,0.42733100056648254,0,-0.05889600142836571,8.570366859436035,0,1,0.984578013420105,-0.16467200219631195,-0.059066999703645706,0,0.13554200530052185,0.5045560002326965,0.8526729941368103,0,-0.11060900241136551,-0.8475300073623657,0.5190950036048889,0,0.09868700057268143,5.791942119598389,0,1,-0.6302819848060608,-0.06829223036766052,0.7733569741249084,0,0.7093808054924011,-0.45542871952056885,0.537924587726593,0,0.31547248363494873,0.8876485824584961,0.33549460768699646,0,13.961853981018066,-5.866764068603516,0.1643040031194687,1,0.9506558775901794,-0.2065473198890686,-0.2314980924129486,0,-0.10616103559732437,0.4845597445964813,-0.8682920932769775,0,0.29151827096939087,0.8500230312347412,0.4387226700782776,0,0,24.3056697845459,0,1,0.9513870477676392,-0.2228587120771408,-0.21259500086307526,0,0.30135682225227356,0.5309917330741882,0.791979193687439,0,-0.06361386924982071,-0.8175461888313293,0.5723387002944946,0,0,17.98106575012207,0,1,0.8765140175819397,0.022376999258995056,-0.4808560013771057,0,0.34145599603652954,0.6752089858055115,0.6538349986076355,0,0.3393090069293976,-0.7372869849205017,0.5841889977455139,0,0,14.638616561889648,0,1,-0.6106962561607361,0.5777419209480286,-0.54153972864151,0,-0.7150765061378479,-0.6961355209350586,0.06372199952602386,0,-0.34017014503479004,0.4261564314365387,0.8382571935653687,0,-13.961853981018066,-5.866764068603516,0.47316500544548035,1,0.9879579544067383,0.04371841251850128,0.14841929078102112,0,0.08946998417377472,0.6211919784545898,-0.778535008430481,0,-0.12623350322246552,0.7824379801750183,0.609799861907959,0,0,24.301692962646484,0,1,0.779871940612793,0.530034065246582,0.3329629898071289,0,-0.40345388650894165,0.018954746425151825,0.9148040413856506,0,0.47856616973876953,-0.8477649688720703,0.22862575948238373,0,0,18.005645751953125,0,1,0.9120150208473206,-0.014949996955692768,0.4098840057849884,0,-0.2909800112247467,0.6807180047035217,0.6722750067710876,0,-0.28906598687171936,-0.7323930263519287,0.616474986076355,0,0,14.53553295135498,0,1
K0.067,0.6005879044532776,0.06504960358142853,0.7969081401824951,0,-0.08736638724803925,0.9960559606552124,-0.015461239032447338,0,-0.7947710156440735,-0.060336776077747345,0.6039018034934998,0,0.24060295522212982,44.903404235839844,-0.4690016210079193,1,0.9973800182342529,-0.01761617511510849,-0.07015997916460037,0,0.022732162848114967,0.9970870018005371,0.07280582934617996,0,0.06867296993732452,-0.07420984655618668,0.9948750138282776,0,0,10.525012969970703,-0.7856240272521973,1,0.9979310035705566,0.06029786169528961,-0.022335000336170197,0,-0.0591728650033474,0.9970920085906982,0.048015858978033066,0,0.025165986269712448,-0.04659486189484596,0.9985970258712769,0,0,12.313343048095703,0,1,0.997327983379364,0.009233065880835056,0.0724746435880661,0,-0.0333029069006443,0.9403873085975647,0.3384719789028168,0,-0.06502866744995117,-0.33998095989227295,0.9381813406944275,0,0,14.072396278381348,0,1,0.9889399409294128,-0.039648864418268204,-0.14291639626026154,0,0.029052792116999626,0.996724009513855,-0.07547822594642639,0,0.14544038474559784,0.0704912394285202,0.9868529438972473,0,0,15.83143424987793,0,1,0.9151549339294434,-0.19607876241207123,-0.3521983027458191,0,0.1106196716427803,0.9623399972915649,-0.24832503497600555,0,0.3876262307167053,0.18829511106014252,0.9023808836936951,0,0,14.680304527282715,3.0676159858703613,1,0.06674941629171371,-0.026818081736564636,-0.997408926486969,0,0.9187730550765991,-0.38817980885505676,0.07192441821098328,0,-0.3891028165817261,-0.9211930632591248,-0.0012710671871900558,0,8.183961868286133,13.256951332092285,-0.14518800377845764,1,0.9849470257759094,0.1459471732378006,0.09261787682771683,0,-0.17231610417366028,0.8712770938873291,0.4595467448234558,0,-0.01362585835158825,-0.4685887098312378,0.8833110928535461,0,0,16.932416915893555,0,1,-0.06729736924171448,0.8547906875610352,0.5145904421806335,0,-0.9971769452095032,-0.07483966648578644,-0.006092705763876438,0,0.033304642885923386,-0.5135483741760254,0.8574147820472717,0,0,22.398244857788086,0,1,0.9263052344322205,0.27482667565345764,-0.2577371597290039,0,-0.22439898550510406,0.9519193768501282,0.20855090022087097,0,0.3026607930660248,-0.1353452503681183,0.9434391260147095,0,0,33.47169494628906,0,1,0.8672000169754028,0.4926440119743347,-0.072564996778965,0,-0.3629409968852997,0.7250909805297852,0.5852500200271606,0,0.34093600511550903,-0.4811919927597046,0.8075990080833435,0,-4.7578630447387695,4.466963768005371,-0.000003999999989900971,1,0.9759160280227661,-0.08922699838876724,-0.19906599819660187,0,0.09864699840545654,0.9944009780883789,0.03789399936795235,0,0.19457000494003296,-0.05661800131201744,0.9792529940605164,0,-1.0412830114364624,5.116055011749268,0,1,0.7033960223197937,0.2702600061893463,-0.6574140191078186,0,0.24473699927330017,0.7762579917907715,0.5809720158576965,0,0.6673359870910645,-0.5695469975471497,0.47987401485443115,0,0.18398000299930573,6.19973611831665,0,1,0.9132369756698608,0.32435300946235657,0.24656200408935547,0,-0.29613998532295227,0.11281599849462509,0.9484590291976929,0,0.2798190116882324,-0.9391850233078003,0.19908200204372406,0,0,7.075955867767334,0.23825600743293762,1,0.9682289958000183,0.2315939962863922,0.09432200342416763,0,-0.18166300654411316,0.3922249972820282,0.9017530083656311,0,0.17184500396251678,-0.8902379870414734,0.4218359887599945,0,0.1452530026435852,8.270981788635254,0,1,0.9731090068817139,0.20616699755191803,0.1027349978685379,0,-0.17018799483776093,0.34294599294662476,0.9238089919090271,0,0.15522600710391998,-0.9164509773254395,0.3688110113143921,0,-0.18368400633335114,6.899418830871582,0,1,-0.39211276173591614,0.11532105505466461,0.9126600623130798,0,-0.873944103717804,-0.356410950422287,-0.330443799495697,0,0.2871749699115753,-0.9271849989891052,0.24053695797920227,0,-8.183961868286133,13.263925552368164,-0.23862800002098083,1,0.9945549964904785,0.10420268774032593,0.00114329787902534,0,-0.09333885461091995,0.8858856558799744,0.4544166922569275,0,0.04633865877985954,-0.45204970240592957,0.8907885551452637,0,0,16.932416915893555,0,1,0.06843308359384537,-0.9976518750190735,0.002575567224994302,0,0.9962669014930725,0.06847403943538666,0.052568260580301285,0,-0.052621178328990936,-0.0010315286926925182,0.9986140131950378,0,0,22.42294692993164,0,1,0.9615275263786316,-0.2177395075559616,0.1674940586090088,0,0.1523156762123108,0.9299808144569397,0.33456623554229736,0,-0.22861424088478088,-0.2961828112602234,0.9273682236671448,0,0,33.44632339477539,0,1,0.9483019709587097,-0.17550599575042725,0.26442500948905945,0,-0.1097399964928627,0.6004539728164673,0.7920939922332764,0,-0.297791987657547,-0.78016197681427,0.550150990486145,0,4.979205131530762,3.843290090560913,0,1,0.955070972442627,-0.10466200113296509,0.2772830128669739,0,0.16278600692749023,0.9670640230178833,-0.19567200541496277,0,-0.2476709932088852,0.23201799392700195,0.9406520128250122,0,0.7765089869499207,4.971682071685791,0,1,0.9518409967422485,0.09474600106477737,-0.2915869951248169,0,-0.16087199747562408,0.9639549851417542,-0.2119240015745163,0,0.2609969973564148,0.2486259937286377,0.9327729940414429,0,0.04032500088214874,6.484291076660156,0,1,0.9909080266952515,-0.10215801000595093,-0.08754900097846985,0,0.12551699578762054,0.4676640033721924,0.8749489784240723,0,-0.048440005630254745,-0.8779829740524292,0.4762350022792816,0,0,7.823678016662598,0.08308099955320358,1,0.9714289903640747,-0.22116899490356445,-0.08608300238847733,0,0.17103999853134155,0.40095800161361694,0.8999879956245422,0,-0.16453300416469574,-0.8889979720115662,0.42733100056648254,0,-0.05889600142836571,8.570366859436035,0,1,0.984578013420105,-0.16467300057411194,-0.059066999703645706,0,0.13554200530052185,0.5045560002326965,0.8526729941368103,0,-0.11060900241136551,-0.8475300073623657,0.5190939903259277,0,0.09868700057268143,5.791942119598389,0,1,-0.6274070143699646,-0.0913267657160759,0.7733169794082642,0,0.6892601847648621,-0.5272232890129089,0.49694642424583435,0,0.3623265326023102,0.8448044061660767,0.3937314450740814,0,13.961853981018066,-5.866764068603516,0.1643040031194687,1,0.9410921335220337,-0.23725369572639465,-0.24094991385936737,0,-0.10994796454906464,0.4591462314128876,-0.8815308809280396,0,0.3197777271270752,0.8560929298400879,0.4060133397579193,0,0,24.3056697845459,0,1,0.9575489163398743,-0.1952342689037323,-0.2120950073003769,0,0.2838381826877594,0.5099892616271973,0.8120018243789673,0,-0.050365131348371506,-0.8377318382263184,0.5437542796134949,0,0,17.98106575012207,0,1,0.8765140175819397,0.022377999499440193,-0.48085498809814453,0,0.34145599603652954,0.6752070188522339,0.6538370251655579,0,0.3393079936504364,-0.7372890114784241,0.5841879844665527,0,0,14.638616561889648,0,1,-0.5414047241210938,0.667293131351471,-0.511469304561615,0,-0.7622565031051636,-0.6462574601173401,-0.03627500683069229,0,-0.35474786162376404,0.370231568813324,0.8585358262062073,0,-13.961853981018066,-5.866764068603516,0.47316500544548035,1,0.9803030490875244,0.08521559089422226,0.17816869914531708,0,0.08778201788663864,0.6201170086860657,-0.7795829772949219,0,-0.17691749334335327,0.7798669934272766,0.6004221439361572,0,0,24.301692962646484,0,1,0.7753850817680359,0.5358739495277405,0.334089994430542,0,-0.3919961154460907,-0.00633874861523509,0.9199449419975281,0,0.49509280920028687,-0.8442740440368652,0.2051452398300171,0,0,18.005645751953125,0,1,0.9121609926223755,-0.014684002846479416,0.40956899523735046,0,-0.29096099734306335,0.6805959939956665,0.6724069714546204,0,-0.28862500190734863,-0.7325119972229004,0.6165410280227661,0,0,14.53553295135498,0,1
K0.100,0.6126400232315063,0.09590599685907364,0.7845219969749451,0,-0.0077110035344958305,0.993287980556488,-0.11540599167346954,0,-0.7903239727020264,0.06465299427509308,0.6092680096626282,0,-0.26823195815086365,44.46403503417969,-0.2629219889640808,1,0.9975519776344299,0.004510999191552401,-0.06978800147771835,0,0.0027140008751302958,0.9946690201759338,0.10308299958705902,0,0.06988099962472916,-0.10301999747753143,0.9922209978103638,0,0,10.525012969970703,-0.7856240272521973,1,0.9956150054931641,0.09354899823665619,-0.0001080009969882667,0,-0.0932679995894432,0.9927189946174622,0.0762299969792366,0,0.007238001096993685,-0.07588499784469604,0.9970899820327759,0,0,12.313343048095703,0,1,0.9976609945297241,0.034014999866485596,0.05929400026798248,0,-0.04537300020456314,0.978289008140564,0.20221999287605286,0,-0.051128000020980835,-0.2044370025396347,0.9775440096855164,0,0,14.072396278381348,0,1,0.9939749836921692,-0.09392800182104111,-0.056494005024433136,0,0.10081800073385239,0.9857079982757568,0.13496798276901245,0,0.04300900548696518,-0.13984999060630798,0.9892380237579346,0,0,15.83143424987793,0,1,0.9270560145378113,-0.19849899411201477,-0.31806498765945435,0,0.18956099450588226,0.9800860285758972,-0.05914800614118576,0,0.3234719932079315,-0.005458991043269634,0.9462220072746277,0,0,14.680304527282715,3.0676159858703613,1,0.025129001587629318,-0.017122000455856323,-0.999538004398346,0,0.9139699935913086,-0.40467798709869385,0.029910001903772354,0,-0.40500301122665405,-0.9142990112304688,0.005479999352246523,0,8.183961868286133,13.256951332092285,-0.14518800377845764,1,0.992451012134552,0.12221299856901169,0.010283003561198711,0,-0.10370200127363205,0.7914389967918396,0.602387011051178,0,0.06548099964857101,-0.5989059805870056,0.7981380224227905,0,0,16.932416915893555,0,1,0.09725699573755264,0.8791589736938477,0.466499000787735,0,-0.9908980131149292,0.12936697900295258,-0.037216998636722565,0,-0.09306899458169937,-0.4586330056190491,0.8837379813194275,0,0,22.398244857788086,0,1,0.9165679812431335,0.3345400094985962,-0.21905599534511566,0,-0.2570900022983551,0.9125779867172241,0.31797099113464355,0,0.3062799870967865,-0.23512500524520874,0.9224470257759094,0,0,33.47169494628906,0,1,0.8672009706497192,0.49264299869537354,-0.072564996778965,0,-0.3629409968852997,0.7250909805297852,0.5852500200271606,0,0.34093600511550903,-0.4811919927597046,0.8075990080833435,0,-4.7578630447387695,4.466963768005371,-0.000003999999989900971,1,0.9759160280227661,-0.08922699838876724,-0.19906599819660187,0,0.09864699840545654,0.9944009780883789,0.03789399936795235,0,0.19457000494003296,-0.05661800131201744,0.9792529940605164,0,-1.0412830114364624,5.116055011749268,0,1,0.7033969759941101,0.2702600061893463,-0.6574140191078186,0,0.24473699927330017,0.7762579917907715,0.5809720158576965,0,0.6673359870910645,-0.5695469975471497,0.47987401485443115,0,0.18398000299930573,6.19973611831665,0,1,0.913237988948822,0.3243519961833954,0.24656200408935547,0,-0.29613998532295227,0.11281599849462509,0.9484590291976929,0,0.27981799840927124,-0.9391850233078003,0.19908200204372406,0,0,7.075955867767334,0.23825600743293762,1,0.9682289958000183,0.2315939962863922,0.09432099759578705,0,-0.18166300654411316,0.3922249972820282,0.9017530083656311,0,0.17184500396251678,-0.8902379870414734,0.4218350052833557,0,0.1452530026435852,8.270981788635254,0,1,0.9731090068817139,0.20616599917411804,0.1027349978685379,0,-0.17018799483776093,0.34294700622558594,0.9238089919090271,0,0.15522600710391998,-0.9164509773254395,0.3688110113143921,0,-0.18368400633335114,6.899418830871582,0,1,-0.42314499616622925,0.12103500217199326,0.897940993309021,0,-0.8664399981498718,-0.34391599893569946,-0.36194300651550293,0,0.26500898599624634,-0.9311670064926147,0.2503960132598877,0,-8.183961868286133,13.263925552368164,-0.23862800002098083,1,0.9911360144615173,0.1328430026769638,0.001740999985486269,0,-0.12251800298690796,0.9088730216026306,0.3986720144748688,0,0.051378000527620316,-0.39535200595855713,0.9170920252799988,0,0,16.932416915893555,0,1,0.021828001365065575,-0.9996809959411621,0.012678000144660473,0,0.9989629983901978,0.022315001115202904,0.039691999554634094,0,-0.03996200114488602,0.011798999272286892,0.999131977558136,0,0,22.42294692993164,0,1,0.983519971370697,-0.060008008033037186,0.17055299878120422,0,-0.014203992672264576,0.9147560000419617,0.4037570059299469,0,-0.18024300038814545,-0.3995260000228882,0.8988280296325684,0,0,33.44632339477539,0,1,0.9483019709587097,-0.17550599575042725,0.26442500948905945,0,-0.10973899811506271,0.6004530191421509,0.7920939922332764,0,-0.297791987657547,-0.78016197681427,0.5501520037651062,0,4.979205131530762,3.843290090560913,0,1,0.9550700187683105,-0.10466200113296509,0.27728399634361267,0,0.16278499364852905,0.9670640230178833,-0.19567200541496277,0,-0.24767200648784637,0.23201900720596313,0.9406520128250122,0,0.7765089869499207,4.971682071685791,0,1,0.9518470168113708,0.09459999948740005,-0.29161199927330017,0,-0.16068699955940247,0.9640210270881653,-0.21176299452781677,0,0.26108700037002563,0.2484239935874939,0.9328020215034485,0,0.04032500088214874,6.484291076660156,0,1,0.9909520149230957,-0.10158400237560272,-0.08771900087594986,0,0.12539300322532654,0.4676609933376312,0.8749690055847168,0,-0.047860000282526016,-0.8780509829521179,0.4761669933795929,0,0,7.823678016662598,0.08308099955320358,1,0.9714289903640747,-0.22116899490356445,-0.08608300238847733,0,0.17103999853134155,0.40095800161361694,0.8999879956245422,0,-0.16453300416469574,-0.8889979720115662,0.42733100056648254,0,-0.05889600142836571,8.570366859436035,0,1,0.984578013420105,-0.16467300057411194,-0.059066999703645706,0,0.13554200530052185,0.5045560002326965,0.8526729941368103,0,-0.11060900241136551,-0.8475300073623657,0.5190950036048889,0,0.09868700057268143,5.791942119598389,0,1,-0.6197869777679443,-0.15752500295639038,0.7687979936599731,0,0.6723570227622986,-0.6118109822273254,0.4166809916496277,0,0.4047209918498993,0.775160014629364,0.4851059913635254,0,13.961853981018066,-5.866764068603516,0.1643040031194687,1,0.9261419773101807,-0.2567879855632782,-0.2762629985809326,0,-0.13985100388526917,0.44644999504089355,-0.8838120102882385,0,0.3502900004386902,0.8571709990501404,0.377564013004303,0,0,24.3056697845459,0,1,0.9578880071640015,-0.19362600147724152,-0.21203799545764923,0,0.2811950147151947,0.483024001121521,0.8292269706726074,0,-0.058139998465776443,-0.8539299964904785,0.5171290040016174,0,0,17.98106575012207,0,1,0.8765140175819397,0.022376999258995056,-0.48085498809814453,0,0.3414570093154907,0.6752070188522339,0.6538370251655579,0,0.3393079936504364,-0.7372890114784241,0.5841879844665527,0,0,14.638616561889648,0,1,-0.49155300855636597,0.7589759826660156,-0.4270020127296448,0,-0.7802500128746033,-0.6016039848327637,-0.1711210012435913,0,-0.3867630064487457,0.2490530014038086,0.8879119753837585,0,-13.961853981018066,-5.866764068603516,0.47316500544548035,1,0.9727200269699097,0.09477800130844116,0.21173900365829468,0,0.10546500235795975,0.632286012172699,-0.7675229907035828,0,-0.20662400126457214,0.7689160108566284,0.6050410270690918,0,0,24.301692962646484,0,1,0.7618749737739563,0.5517330169677734,0.33931899070739746,0,-0.3794409930706024,-0.04439600184559822,0.9241499900817871,0,0.524948000907898,-0.8328379988670349,0.1755259931087494,0,0,18.005645751953125,0,1,0.9117010235786438,-0.015518000349402428,0.4105600118637085,0,-0.29102298617362976,0.680978000164032,0.6719930171966553,0,-0.2900109887123108,-0.732138991355896,0.6163330078125,0,0,14.53553295135498,0,1
