1.967,30,59,41
B0,mixamorig_Hips,-1,0.7220807671546936,-0.007593986112624407,0.6917670965194702,0,0.06535601615905762,0.996216356754303,-0.057282909750938416,0,-0.6887147426605225,0.08657413721084595,0.7198450565338135,0,1.1024175882339478,56.009098052978516,-0.9812638759613037,1
B1,mixamorig_Spine,0,0.995664119720459,-0.001636501750908792,-0.09300820529460907,0,0.01284343097358942,0.9926873445510864,0.12003067880868912,0,0.09213177114725113,-0.12070523947477341,0.9884034991264343,0,0,9.493545532226562,0.1414559930562973,1
B2,mixamorig_Spine1,1,0.9862380027770996,-0.02247641049325466,-0.16379651427268982,0,0.054568614810705185,0.979451596736908,0.19415700435638428,0,0.1560671329498291,-0.20042334496974945,0.9671990275382996,0,0,11.077027320861816,0,1
B3,mixamorig_Spine2,2,0.9862380027770996,-0.022476980462670326,-0.1637975126504898,0,0.054568614810705185,0.979451596736908,0.19415700435638428,0,0.1560671329498291,-0.20042289793491364,0.9671990275382996,0,0,12.659470558166504,0,1
B4,mixamorig_Neck,3,0.999763011932373,0.004376528784632683,0.021332448348402977,0,-0.0026301511097699404,0.9966919422149658,-0.08122321218252182,0,-0.021617276594042778,0.08114836364984512,0.9964675307273865,0,0,14.241898536682129,0,1
B5,mixamorig_Head,4,0.9373891949653625,-0.0407918319106102,-0.3458869755268097,0,-0.00114622141700238,0.9927499294281006,-0.12018541991710663,0,0.3482818901538849,0.11305693536996841,0.9305465221405029,0,0,12.416603088378906,3.0938169956207275,1
B6,mixamorig_HeadTop_End,5,1,0,0,0,0,1,0,0,0,0,1,0,0,52.19218444824219,13.004611015319824,1
B7,mixamorig_LeftShoulder,3,0.011365896090865135,0.02486247569322586,-0.9996263980865479,0,0.938823938369751,-0.3443894684314728,0.0021092260722070932,0,-0.3442079722881317,-0.9384975433349609,-0.027256352826952934,0,9.226855278015137,11.951860427856445,0.027851000428199768,1
B8,mixamorig_LeftArm,7,0.9677401185035706,0.02819865383207798,0.25036677718162537,0,-0.21232156455516815,0.6262533664703369,0.7501504421234131,0,-0.13564004004001617,-0.7791091799736023,0.6120383739471436,0,0,19.284889221191406,0,1
B9,mixamorig_LeftForeArm,8,0.6578060388565063,0.7446537017822266,-0.11305515468120575,0,-0.7481132745742798,0.6633658409118652,0.016496367752552032,0,0.08728115260601044,0.07372698187828064,0.993451714515686,0,0,25.992307662963867,0,1
B10,mixamorig_LeftHand,9,0.8890748620033264,-0.07057562470436096,-0.45228856801986694,0,-0.06884955614805222,0.9561846852302551,-0.28454145789146423,0,0.4525544047355652,0.28411802649497986,0.8452603816986084,0,0,22.46550941467285,0,1
B11,mixamorig_LeftHandThumb1,10,0.8603639006614685,0.4998731315135956,-0.09950347244739532,0,-0.38884517550468445,0.7699713706970215,0.5059089064598083,0,0.32950541377067566,-0.3965737223625183,0.8568283319473267,0,-4.530734062194824,5.55928897857666,-0.000003999999989900971,1
B12,mixamorig_LeftHandThumb2,11,0.998639702796936,-0.05077401548624039,0.01187871117144823,0,0.05093787610530853,0.998604416847229,-0.01393142156302929,0,-0.011154832318425179,0.014517558738589287,0.9998321533203125,0,-0.10375899821519852,5.736414909362793,0,1
B13,mixamorig_LeftHandThumb3,12,0.9825429916381836,0.18599100410938263,0.004100000020116568,0,-0.18599100410938263,0.9825509786605835,-0.0005050000036135316,0,-0.004122000187635422,-0.00026599998818710446,0.9999909996986389,0,-0.44016900658607483,6.811308860778809,0,1
B14,mixamorig_LeftHandThumb4,13,1,0,0,0,0,1,0,0,0,0,1,0,0.543927013874054,4.416207790374756,0,1
B15,mixamorig_LeftHandIndex1,10,0.9905179738998413,0.1369001269340515,0.011505386792123318,0,-0.13731394708156586,0.9891872406005859,0.051513463258743286,0,-0.004328531678766012,-0.05260558798909187,0.9986057281494141,0,0,12.258289337158203,0.10341499745845795,1
B16,mixamorig_LeftHandIndex2,15,0.9997411370277405,0.02246885932981968,0.003518296405673027,0,-0.02254556491971016,0.9588432312011719,0.28303906321525574,0,0.0029866397380828857,-0.28304505348205566,0.9591016173362732,0,0.026504000648856163,8.824207305908203,0,1
B17,mixamorig_LeftHandIndex3,16,0.9988120198249817,0.04871800169348717,0.0008239999879151583,0,-0.04871800169348717,0.9988129734992981,-0.00002300000051036477,0,-0.0008239999879151583,-0.00001700000029813964,1,0,-0.1279660016298294,5.9656500816345215,0,1
B18,mixamorig_LeftHandIndex4,17,1,0,0,0,0,1,0,0,0,0,1,0,0.1014619991183281,3.719062089920044,0,1
B19,mixamorig_RightShoulder,3,0.16472436487674713,-0.025150416418910027,0.9860184788703918,0,-0.915564775466919,-0.3757450580596924,0.14336997270584106,0,0.36688610911369324,-0.9263808727264404,-0.08492153882980347,0,-9.226855278015137,11.952047348022461,0.040389999747276306,1
B20,mixamorig_RightArm,19,0.917742908000946,0.39208924770355225,-0.06334691494703293,0,-0.21215786039829254,0.6187831163406372,0.7563696503639221,0,0.33576327562332153,-0.6807132959365845,0.6510681509971619,0,0,19.284889221191406,0,1
B21,mixamorig_RightForeArm,20,0.736307680606842,-0.6721352338790894,-0.07800609618425369,0,0.6764863729476929,0.7337297797203064,0.06329002976417542,0,0.014695490710437298,-0.09937053918838501,0.9949414134025574,0,0,25.992311477661133,0,1
B22,mixamorig_RightHand,21,0.9327221512794495,-0.25346556305885315,0.256483256816864,0,0.19668227434158325,0.953758955001831,0.22728754580020905,0,-0.3022325932979584,-0.16155041754245758,0.9394446611404419,0,0,22.431636810302734,0,1
B23,mixamorig_RightHandThumb1,22,0.8874000906944275,-0.4496484696865082,-0.10166872292757034,0,0.4581160843372345,0.8355112075805664,0.30339762568473816,0,-0.0514766201376915,-0.3158107399940491,0.9474243521690369,0,4.888978004455566,5.557528972625732,-0.000003999999989900971,1
B24,mixamorig_RightHandThumb2,23,0.9520847201347351,0.30582404136657715,0.002543486189097166,0,-0.30510780215263367,0.9492142796516418,0.07681939750909805,0,0.02107921801507473,-0.07391465455293655,0.9970415234565735,0,0.3011919856071472,5.913865089416504,0,1
B25,mixamorig_RightHandThumb3,24,0.9969519972801208,-0.07801800221204758,0.0007469999836757779,0,0.07801800221204758,0.9969519972801208,0.00005500000042957254,0,-0.0007489999989047647,0.000003000000106112566,1,0,0.025519000366330147,6.6395440101623535,0,1
B26,mixamorig_RightHandThumb4,25,1,0,0,0,0,1,0,0,0,0,1,0,-0.3267109990119934,4.391520977020264,0,1
B27,mixamorig_RightHandIndex1,22,0.999919593334198,-0.0030102625023573637,-0.012318750843405724,0,0.004410127643495798,0.9933256506919861,0.11524196714162827,0,0.011888569220900536,-0.11528706550598145,0.9932593107223511,0,0,12.675665855407715,0.05857999995350838,1
B28,mixamorig_RightHandIndex2,27,0.9985028505325317,-0.0532645657658577,-0.012350494973361492,0,0.05406186357140541,0.9279612898826599,0.3686927855014801,0,-0.008185622282326221,-0.36880916357040405,0.9294537305831909,0,-0.0035210000351071358,8.26400375366211,0,1
B29,mixamorig_RightHandIndex3,28,0.9999809861183167,-0.0061969999223947525,-0.000014430978808377404,0,0.0061969999223947525,0.9999809861183167,9.999999974752427e-7,0,0.000014430978808377404,-9.999999974752427e-7,1,0,0.015468000434339046,6.10585880279541,0,1
B30,mixamorig_RightHandIndex4,29,1,0,0,0,0,1,0,0,0,0,1,0,-0.01194700039923191,3.2525739669799805,0,1
B31,mixamorig_LeftUpLeg,0,-0.9233675003051758,-0.23995806276798248,0.2996883690357208,0,0.3689620792865753,-0.7703993320465088,0.5199537873268127,0,0.1061127707362175,0.5906820893287659,0.7998966574668884,0,7.257933139801025,-5.273334980010986,-3.083117961883545,1
B32,mixamorig_LeftLeg,31,0.9849131107330322,0.03681473061442375,0.16908852756023407,0,0.1279120147228241,0.503229022026062,-0.8546339273452759,0,-0.1165534183382988,0.8633685111999512,0.4909278452396393,0,0,30.442888259887695,0,1
B33,mixamorig_LeftFoot,32,0.7426041960716248,0.06705032289028168,-0.6663655638694763,0,0.5139430165290833,0.5809094309806824,0.6311951875686646,0,0.4294196665287018,-0.8112016320228577,0.3969263732433319,0,0,18.553098678588867,0,1
B34,mixamorig_LeftToeBase,33,0.8926591277122498,0.00009087510261451825,-0.4507318139076233,0,0.37454918026924133,0.5561541318893433,0.7418937683105469,0,0.2507440149784088,-0.8310794830322266,0.49642157554626465,0,0,13.033435821533203,0,1
B35,mixamorig_LeftToe_End,34,1,0,0,0,0,1,0,0,0,0,1,0,0,5.268302917480469,0,1
B36,mixamorig_RightUpLeg,0,-0.885951578617096,0.41828468441963196,-0.20031872391700745,0,-0.375562846660614,-0.9004808068275452,-0.21928450465202332,0,-0.2721070945262909,-0.11904333531856537,0.9548747539520264,0,-7.257933139801025,-5.273334980010986,5.125103950500488,1
B37,mixamorig_RightLeg,36,0.9709506034851074,0.1896190643310547,-0.14594349265098572,0,-0.23908816277980804,0.7444358468055725,-0.6234182715415955,0,-0.009566822089254856,0.6402024626731873,0.7681460380554199,0,0,29.14651870727539,0,1
B38,mixamorig_RightFoot,37,0.9569559097290039,0.08050364255905151,0.27884456515312195,0,-0.28997522592544556,0.22469192743301392,0.9302835464477539,0,0.01223702635616064,-0.9710987210273743,0.23836421966552734,0,0,18.484560012817383,0,1
B39,mixamorig_RightToeBase,38,0.9290070533752441,-0.016665050759911537,0.3696872293949127,0,-0.3003684878349304,0.5495657324790955,0.7795871496200562,0,-0.21615929901599884,-0.8352840542793274,0.5055446624755859,0,0,12.827351570129395,9.999999974752427e-7,1
B40,mixamorig_RightToe_End,39,1,0,0,0,0,1,0,0,0,0,1,0,0,5.283959865570068,0,1
@34,0,1,2,3,4,5,7,8,9,10,11,12,13,15,16,17,19,20,21,22,23,24,25,27,28,29,31,32,33,34,36,37,38,39
K0.000,0.7213010191917419,-0.007921000011265278,0.6925770044326782,0,0.06426099687814713,0.9963870048522949,-0.05553000047802925,0,-0.6896349787712097,0.08455999940633774,0.7192040085792542,0,1.1147379875183105,55.95848083496094,-1.0346020460128784,1,0.9956499934196472,-0.0015079999575391412,-0.09315700083971024,0,0.012860000133514404,0.9925230145454407,0.12138000130653381,0,0.09227699786424637,-0.12205000221729279,0.988224983215332,0,0,9.493545532226562,0.1414559930562973,1,0.9861840009689331,-0.022926999256014824,-0.16405899822711945,0,0.055424999445676804,0.9789649844169617,0.19635699689388275,0,0.15610599517822266,-0.2027370035648346,0.9667099714279175,0,0,11.077027320861816,0,1,0.9861840009689331,-0.022926999256014824,-0.16405899822711945,0,0.055424001067876816,0.9789649844169617,0.19635699689388275,0,0.15610599517822266,-0.2027370035648346,0.9667099714279175,0,0,12.659470558166504,0,1,0.9997439980506897,0.005518999882042408,0.021936999633908272,0,-0.003524000057950616,0.9959390163421631,-0.08995900303125381,0,-0.022345000877976418,0.0898590013384819,0.9957039952278137,0,0,14.241898536682129,0,1,0.9370599985122681,-0.04476400092244148,-0.3462870121002197,0,0.00621700007468462,0.9937300086021423,-0.1116349995136261,0,0.34911298751831055,0.1024560034275055,0.9314630031585693,0,0,12.416603088378906,3.0938169956207275,1,0.01691100001335144,0.02383200079202652,-0.9995729923248291,0,0.9355310201644897,-0.3531680107116699,0.007406999822705984,0,-0.35284000635147095,-0.9352560043334961,-0.02826800011098385,0,9.226855278015137,11.951860427856445,0.027851000428199768,1,0.9667090177536011,0.026426000520586967,0.25450798869132996,0,-0.2136390060186386,0.6307700276374817,0.745980978012085,0,-0.14082300662994385,-0.7755200266838074,0.6154170036315918,0,0,19.284889221191406,0,1,0.6664869785308838,0.7371280193328857,-0.11151999980211258,0,-0.7407379746437073,0.6716740131378174,0.012702999636530876,0,0.08426900207996368,0.0741410031914711,0.993681013584137,0,0,25.992307662963867,0,1,0.8880590200424194,-0.08145800232887268,-0.452455997467041,0,-0.07704199850559235,0.9438899755477905,-0.32114899158477783,0,0.4532279968261719,0.3200579881668091,0.8319540023803711,0,0,22.46550941467285,0,1,0.8590649962425232,0.5026180148124695,-0.09686499834060669,0,-0.39233699440956116,0.7681019902229309,0.5060539841651917,0,0.3287540078163147,-0.3967300057411194,0.8570449948310852,0,-4.530734062194824,5.55928897857666,-0.000003999999989900971,1,0.9986469745635986,-0.050609998404979706,0.011989999562501907,0,0.05076900124549866,0.9986209869384766,-0.013346999883651733,0,-0.011297999881207943,0.013938000425696373,0.9998390078544617,0,-0.10375899821519852,5.736414909362793,0,1,0.9825429916381836,0.18599100410938263,0.004100000020116568,0,-0.18599100410938263,0.9825509786605835,-0.0005050000036135316,0,-0.004122000187635422,-0.00026599998818710446,0.9999909996986389,0,-0.44016900658607483,6.811308860778809,0,1,0.9907400012016296,0.13530699908733368,0.011207999661564827,0,-0.135684996843338,0.9896590113639832,0.04651999846100807,0,-0.0047980002127587795,-0.047609999775886536,0.9988539814949036,0,0,12.258289337158203,0.10341499745845795,1,0.999767005443573,0.02133999951183796,0.0031620000954717398,0,-0.02137400023639202,0.9599469900131226,0.27936598658561707,0,0.0029269999358803034,-0.27936801314353943,0.9601799845695496,0,0.026504000648856163,8.824207305908203,0,1,0.9988120198249817,0.04871800169348717,0.0008239999879151583,0,-0.04871800169348717,0.9988129734992981,-0.00002300000051036477,0,-0.0008239999879151583,-0.00001700000029813964,1,0,-0.1279660016298294,5.9656500816345215,0,1,0.17082500457763672,-0.02386399917304516,0.9850119948387146,0,-0.910597026348114,-0.38566601276397705,0.14857600629329681,0,0.37634000182151794,-0.9223300218582153,-0.08761099725961685,0,-9.226855278015137,11.952047348022461,0.040389999747276306,1,0.9154620170593262,0.3952009975910187,-0.0758029967546463,0,-0.2095550000667572,0.6290140151977539,0.7486180067062378,0,0.34353598952293396,-0.6694459915161133,0.658653974533081,0,0,19.284889221191406,0,1,0.7385950088500977,-0.6681219935417175,-0.08994700014591217,0,0.6733999848365784,0.7374680042266846,0.051711998879909515,0,0.03178299963474274,-0.09876500070095062,0.9946029782295227,0,0,25.992311477661133,0,1,0.9332669973373413,-0.24422800540924072,0.263374000787735,0,0.1890610009431839,0.957476019859314,0.2179339975118637,0,-0.305400013923645,-0.15359599888324738,0.9397550225257874,0,0,22.431636810302734,0,1,0.887969970703125,-0.44892099499702454,-0.09989900141954422,0,0.4567579925060272,0.8354899883270264,0.30549800395965576,0,-0.053679998964071274,-0.3169020116329193,0.9469379782676697,0,4.888978004455566,5.557528972625732,-0.000003999999989900971,1,0.9512839913368225,0.3083060085773468,0.0025239998940378428,0,-0.3075680136680603,0.9483720064163208,0.07741100341081619,0,0.02147199958562851,-0.07441599667072296,0.9969959855079651,0,0.3011919856071472,5.913865089416504,0,1,0.9969519972801208,-0.07801800221204758,0.0007469999836757779,0,0.07801800221204758,0.9969519972801208,0.00005500000042957254,0,-0.0007489999989047647,0.000003000000106112566,1,0,0.025519000366330147,6.6395440101623535,0,1,0.9999169707298279,0.006275000050663948,-0.011242999695241451,0,-0.005284000188112259,0.9962739944458008,0.08607900142669678,0,0.011741000227630138,-0.08601299673318863,0.9962249994277954,0,0,12.675665855407715,0.05857999995350838,1,0.9995290040969849,-0.030333999544382095,-0.0046629998832941055,0,0.030381999909877777,0.9565079808235168,0.290118008852005,0,-0.004339999984949827,-0.29012298583984375,0.956978976726532,0,-0.0035210000351071358,8.26400375366211,0,1,0.9999809861183167,-0.0061969999223947525,-0.000014000000192027073,0,0.0061969999223947525,0.9999809861183167,0,0,0.000014000000192027073,0,1,0,0.015468000434339046,6.10585880279541,0,1,-0.9229580163955688,-0.24064399302005768,0.30039700865745544,0,0.3703550100326538,-0.7677590250968933,0.5228610038757324,0,0.1048090010881424,0.5938320159912109,0.7977340221405029,0,7.257933139801025,-5.273334980010986,-3.083117961883545,1,0.9847649931907654,0.03732199966907501,0.16983500123023987,0,0.12855200469493866,0.5014449954032898,-0.8555859923362732,0,-0.11709500104188919,0.8643839955329895,0.48900800943374634,0,0,30.442888259887695,0,1,0.7427089810371399,0.06632400304079056,-0.6663219928741455,0,0.5142920017242432,0.5807499885559082,0.6310570240020752,0,0.42882099747657776,-0.8113759756088257,0.3972179889678955,0,0,18.553098678588867,0,1,0.892304003238678,0.00031599999056197703,-0.45143601298332214,0,0.3750160038471222,0.5561749935150146,0.7416419982910156,0,0.2513110041618347,-0.8310649991035461,0.49615800380706787,0,0,13.033435821533203,0,1,-0.8860009908676147,0.41734200716018677,-0.20205999910831451,0,-0.37632301449775696,-0.9017940163612366,-0.21248400211334229,0,-0.27089500427246094,-0.11222200095653534,0.9560449719429016,0,-7.257933139801025,-5.273334980010986,5.125103950500488,1,0.9711210131645203,0.18964600563049316,-0.14476799964904785,0,-0.2382269948720932,0.7374560236930847,-0.6319860219955444,0,-0.013093999586999416,0.6482229828834534,0.7613379955291748,0,0,29.14651870727539,0,1,0.9572769999504089,0.07812199741601944,0.27842000126838684,0,-0.2889310121536255,0.21908199787139893,0.9319450259208679,0,0.011807999573647976,-0.97257399559021,0.2322939932346344,0,0,18.484560012817383,0,1,0.9286850094795227,-0.01619499921798706,0.37051600217819214,0,-0.3010129928588867,0.5506870150566101,0.7785459756851196,0,-0.21664699912071228,-0.8345540165901184,0.5065400004386902,0,0,12.827351570129395,0,1
K0.033,0.7210050225257874,-0.00787500012665987,0.6928859949111938,0,0.0644569993019104,0.9963619709014893,-0.055750004947185516,0,-0.689926028251648,0.08485700190067291,0.7188889980316162,0,1.122279167175293,55.9658317565918,-1.0420119762420654,1,0.9956510066986084,-0.0015470002545043826,-0.09314599633216858,0,0.012889999896287918,0.9925320148468018,0.1213039979338646,0,0.09226299822330475,-0.12197700142860413,0.9882349967956543,0,0,9.493545532226562,0.1414559930562973,1,0.9861840009689331,-0.02291399985551834,-0.16405899822711945,0,0.055396001785993576,0.9789860248565674,0.196259006857872,0,0.15611499547958374,-0.2026360034942627,0.966729998588562,0,0,11.077027320861816,0,1,0.9861840009689331,-0.02291399985551834,-0.16405899822711945,0,0.055396001785993576,0.9789860248565674,0.196259006857872,0,0.15611499547958374,-0.2026360034942627,0.966729998588562,0,0,12.659470558166504,0,1,0.9997450113296509,0.005441997665911913,0.021939000114798546,0,-0.003460997948423028,0.9959949851036072,-0.08934499323368073,0,-0.02233700081706047,0.08924699574708939,0.9957590103149414,0,0,14.241898536682129,0,1,0.9372029900550842,-0.044468991458415985,-0.3459390103816986,0,0.006170996464788914,0.993798017501831,-0.1110299825668335,0,0.34873101115226746,0.10192199051380157,0.931663990020752,0,0,12.416603088378906,3.0938169956207275,1,0.01727600023150444,0.023905999958515167,-0.9995650053024292,0,0.9355480074882507,-0.3531160056591034,0.007724999915808439,0,-0.35277798771858215,-0.9352740049362183,-0.0284659992903471,0,9.226855278015137,11.951860427856445,0.027851000428199768,1,0.9667180180549622,0.026643002405762672,0.25445398688316345,0,-0.21369299292564392,0.6309739947319031,0.7457929849624634,0,-0.14068399369716644,-0.7753459811210632,0.6156669855117798,0,0,19.284889221191406,0,1,0.6663129925727844,0.7372940182685852,-0.11146599799394608,0,-0.7409020066261292,0.6714929938316345,0.012699998915195465,0,0.08421199768781662,0.07412300258874893,0.9936869740486145,0,0,25.992307662963867,0,1,0.8882030248641968,-0.08136700093746185,-0.45218899846076965,0,-0.07688599079847336,0.943992018699646,-0.32088398933410645,0,0.45297300815582275,0.3197770118713379,0.8322010040283203,0,0,22.46550941467285,0,1,0.8594009876251221,0.5017989873886108,-0.09812000393867493,0,-0.390531986951828,0.7680739760398865,0.5074899792671204,0,0.33002200722694397,-0.39781901240348816,0.8560529947280884,0,-4.530734062194824,5.55928897857666,-0.000003999999989900971,1,0.9986469745635986,-0.050609998404979706,0.011989999562501907,0,0.05076900124549866,0.9986209869384766,-0.013346998021006584,0,-0.011297999881207943,0.013937998563051224,0.9998390078544617,0,-0.10375899821519852,5.736414909362793,0,1,0.9825429916381836,0.18599100410938263,0.004100000020116568,0,-0.18599100410938263,0.9825509786605835,-0.0005050000036135316,0,-0.004122000187635422,-0.00026599998818710446,0.9999909996986389,0,-0.44016900658607483,6.811308860778809,0,1,0.9907039999961853,0.13557100296020508,0.011223999783396721,0,-0.13595600426197052,0.9895570278167725,0.04787801206111908,0,-0.004615998826920986,-0.04895900934934616,0.9987900257110596,0,0,12.258289337158203,0.10341499745845795,1,0.999767005443573,0.021352002397179604,0.00316400034353137,0,-0.021386001259088516,0.9599289894104004,0.2794249951839447,0,0.0029290001839399338,-0.2794269919395447,0.9601619839668274,0,0.026504000648856163,8.824207305908203,0,1,0.9988120198249817,0.04871800169348717,0.0008239999879151583,0,-0.04871800169348717,0.9988129734992981,-0.00002300000051036477,0,-0.0008239999879151583,-0.00001700000029813964,1,0,-0.1279660016298294,5.9656500816345215,0,1,0.17046500742435455,-0.023899000138044357,0.985073983669281,0,-0.9109150171279907,-0.3850249946117401,0.14829100668430328,0,0.37573400139808655,-0.9225969910621643,-0.08740399777889252,0,-9.226855278015137,11.952047348022461,0.040389999747276306,1,0.9157000184059143,0.3946709930896759,-0.07568399608135223,0,-0.20921699702739716,0.6289979815483093,0.7487260103225708,0,0.3431060016155243,-0.6697739958763123,0.6585450172424316,0,0,19.284889221191406,0,1,0.7384799718856812,-0.6683200001716614,-0.08942299336194992,0,0.6735680103302002,0.7372639775276184,0.05242201313376427,0,0.030893981456756592,-0.0989450067281723,0.994612991809845,0,0,25.992311477661133,0,1,0.9334710240364075,-0.2437419891357422,0.2630990147590637,0,0.18884700536727905,0.9576849937438965,0.21719898283481598,0,-0.3049069941043854,-0.15306298434734344,0.9400020241737366,0,0,22.431636810302734,0,1,0.8889120221138,-0.44680699706077576,-0.10098900645971298,0,0.45518800616264343,0.8368470072746277,0.30412301421165466,0,-0.0513719879090786,-0.31630799174308777,0.9472650289535522,0,4.888978004455566,5.557528972625732,-0.000003999999989900971,1,0.9513980150222778,0.30794599652290344,0.00319799967110157,0,-0.30723199248313904,0.9483749866485596,0.07869001477956772,0,0.021199004724621773,-0.07584801316261292,0.9968940019607544,0,0.3011919856071472,5.913865089416504,0,1,0.9969519972801208,-0.07801800221204758,0.0007469999836757779,0,0.07801800221204758,0.9969519972801208,0.00005500000042957254,0,-0.0007489999989047647,0.000003000000106112566,1,0,0.025519000366330147,6.6395440101623535,0,1,0.9999169707298279,0.006212001666426659,-0.011269998736679554,0,-0.005236002150923014,0.996396005153656,0.08466597646474838,0,0.011754998937249184,-0.08459997922182083,0.9963459968566895,0,0,12.675665855407715,0.05857999995350838,1,0.9995319843292236,-0.030247997492551804,-0.004639999475330114,0,0.03029499761760235,0.9566910266876221,0.28952398896217346,0,-0.004317999817430973,-0.2895289957523346,0.9571599960327148,0,-0.0035210000351071358,8.26400375366211,0,1,0.9999809861183167,-0.0061969999223947525,-0.000014000000192027073,0,0.0061969999223947525,0.9999809861183167,0,0,0.000014000000192027073,0,1,0,0.015468000434339046,6.10585880279541,0,1,-0.9229519963264465,-0.24071499705314636,0.3003599941730499,0,0.37033599615097046,-0.7680559754371643,0.5224390029907227,0,0.10493399947881699,0.5934200286865234,0.7980239987373352,0,7.257933139801025,-5.273334980010986,-3.083117961883545,1,0.9847400188446045,0.037435002624988556,0.1699579954147339,0,0.12852400541305542,0.5020310282707214,-0.8552460074424744,0,-0.11733999848365784,0.8640390038490295,0.48955899477005005,0,0,30.442888259887695,0,1,0.7426940202713013,0.06608399748802185,-0.666363000869751,0,0.5142509937286377,0.5810829997062683,0.6307849884033203,0,0.4288969933986664,-0.8111569881439209,0.3975819945335388,0,0,18.553098678588867,0,1,0.8922600150108337,0.00031700203544460237,-0.4515230059623718,0,0.3750059902667999,0.5564460158348083,0.7414429783821106,0,0.2514829933643341,-0.8308839797973633,0.49637600779533386,0,0,13.033435821533203,0,1,-0.8859699964523315,0.4174340069293976,-0.202005997300148,0,-0.37641701102256775,-0.9017500281333923,-0.21250200271606445,0,-0.27086499333381653,-0.11223199963569641,0.9560520052909851,0,-7.257933139801025,-5.273334980010986,5.125103950500488,1,0.9711040258407593,0.18989400565624237,-0.14455600082874298,0,-0.23828400671482086,0.7377129793167114,-0.6316649913787842,0,-0.01330800075083971,0.6478580236434937,0.7616450190544128,0,0,29.14651870727539,0,1,0.9573079943656921,0.07791700214147568,0.2783699929714203,0,-0.28884199261665344,0.2197290062904358,0.9318199753761292,0,0.011438997462391853,-0.9724439978599548,0.2328539937734604,0,0,18.484560012817383,0,1,0.9286850094795227,-0.01619499921798706,0.37051600217819214,0,-0.3010129928588867,0.5506880283355713,0.7785459756851196,0,-0.21664699912071228,-0.8345540165901184,0.5065400004386902,0,0,12.827351570129395,0,1
K0.067,0.7207959890365601,-0.007829000242054462,0.693103015422821,0,0.0646200031042099,0.9963399767875671,-0.05594799667596817,0,-0.6901280283927917,0.08511599898338318,0.7186639904975891,0,1.1303749084472656,55.973358154296875,-1.0470470190048218,1,0.9956520199775696,-0.0015709997387602925,-0.09313800185918808,0,0.012900999747216702,0.9925469756126404,0.12117400020360947,0,0.09225299954414368,-0.12184800207614899,0.9882519841194153,0,0,9.493545532226562,0.1414559930562973,1,0.9861850142478943,-0.02287900075316429,-0.16405899822711945,0,0.05532800033688545,0.9790310263633728,0.19605199992656708,0,0.1561329960823059,-0.20242099463939667,0.9667720198631287,0,0,11.077027320861816,0,1,0.9861850142478943,-0.02287900075316429,-0.16405899822711945,0,0.05532800033688545,0.9790310263633728,0.19605199992656708,0,0.1561339944601059,-0.20242099463939667,0.9667720198631287,0,0,12.659470558166504,0,1,0.9997450113296509,0.005209002178162336,0.02195500023663044,0,-0.003252002177760005,0.9960939884185791,-0.08823800832033157,0,-0.022328000515699387,0.08814400434494019,0.9958570003509521,0,0,14.241898536682129,0,1,0.937379002571106,-0.043622005730867386,-0.34556901454925537,0,0.005807003937661648,0.9939460158348083,-0.10971801728010178,0,0.3482629954814911,0.10084100812673569,0.9319570064544678,0,0,12.416603088378906,3.0938169956207275,1,0.01727299951016903,0.023993000388145447,-0.9995629787445068,0,0.9357600212097168,-0.35255199670791626,0.007708000019192696,0,-0.3522129952907562,-0.9354850053787231,-0.02854200080037117,0,9.226855278015137,11.951860427856445,0.027851000428199768,1,0.9667260050773621,0.026913998648524284,0.254393994808197,0,-0.21385100483894348,0.6307610273361206,0.7459269762039185,0,-0.14038600027561188,-0.7755100131034851,0.6155290007591248,0,0,19.284889221191406,0,1,0.6661630272865295,0.7374640107154846,-0.11123800277709961,0,-0.7410640120506287,0.6713160276412964,0.012604000978171825,0,0.08397100120782852,0.07403799891471863,0.9937139749526978,0,0,25.992307662963867,0,1,0.8883200287818909,-0.08128099888563156,-0.4519740045070648,0,-0.0764160081744194,0.9443259835243225,-0.32001298666000366,0,0.4528219997882843,0.3188120126724243,0.8326529860496521,0,0,22.46550941467285,0,1,0.8597300052642822,0.5010790228843689,-0.09891599416732788,0,-0.3892360031604767,0.7681800127029419,0.5083249807357788,0,0.3306959867477417,-0.3985210061073303,0.8554660081863403,0,-4.530734062194824,5.55928897857666,-0.000003999999989900971,1,0.9986420273780823,-0.050696998834609985,0.011997999623417854,0,0.05085400119423866,0.9986199736595154,-0.013128002174198627,0,-0.011315999552607536,0.013721002265810966,0.9998419880867004,0,-0.10375899821519852,5.736414909362793,0,1,0.9825429916381836,0.18599100410938263,0.004100000020116568,0,-0.18599100410938263,0.9825509786605835,-0.0005050000036135316,0,-0.004122000187635422,-0.00026599998818710446,0.9999909996986389,0,-0.44016900658607483,6.811308860778809,0,1,0.9906709790229797,0.1358090043067932,0.011246999725699425,0,-0.13619999587535858,0.9894779920578003,0.048824988305568695,0,-0.00449800118803978,-0.04990098997950554,0.998744010925293,0,0,12.258289337158203,0.10341499745845795,1,0.9997640252113342,0.021498998627066612,0.00318799982778728,0,-0.021531997248530388,0.9597129821777344,0.2801550030708313,0,0.0029629997443407774,-0.2801569998264313,0.9599490165710449,0,0.026504000648856163,8.824207305908203,0,1,0.9988120198249817,0.04871800169348717,0.0008239999879151583,0,-0.04871800169348717,0.9988129734992981,-0.00002300000051036477,0,-0.0008239999879151583,-0.00001700000029813964,1,0,-0.1279660016298294,5.9656500816345215,0,1,0.1698250025510788,-0.023976000025868416,0.985181987285614,0,-0.9115139842033386,-0.3837989866733551,0.1477860063314438,0,0.37456899881362915,-0.923105001449585,-0.08703300356864929,0,-9.226855278015137,11.952047348022461,0.040389999747276306,1,0.916100025177002,0.3938240110874176,-0.07525500655174255,0,-0.20873500406742096,0.6286979913711548,0.7491120100021362,0,0.3423309922218323,-0.6705530285835266,0.6581550240516663,0,0,19.284889221191406,0,1,0.7384080290794373,-0.6685330271720886,-0.08840800821781158,0,0.6737260222434998,0.7370100021362305,0.053945984691381454,0,0.029093017801642418,-0.09939699620008469,0.994621992111206,0,0,25.992311477661133,0,1,0.9339460134506226,-0.24262601137161255,0.26244398951530457,0,0.1883070021867752,0.9581379890441895,0.2156660109758377,0,-0.30378401279449463,-0.15200001001358032,0.9405379891395569,0,0,22.431636810302734,0,1,0.8893659710884094,-0.44579198956489563,-0.1014769896864891,0,0.45440900325775146,0.8374300003051758,0.30368301272392273,0,-0.05039901286363602,-0.3161979913711548,0.9473540186882019,0,4.888978004455566,5.557528972625732,-0.000003999999989900971,1,0.9511029720306396,0.3088569939136505,0.0031750001944601536,0,-0.3081119954586029,0.947987973690033,0.07991298288106918,0,0.021671993657946587,-0.0769839882850647,0.9967970252037048,0,0.3011919856071472,5.913865089416504,0,1,0.9969519972801208,-0.07801800221204758,0.0007469999836757779,0,0.07801800221204758,0.9969519972801208,0.00005500000042957254,0,-0.0007489999989047647,0.000003000000106112566,1,0,0.025519000366330147,6.6395440101623535,0,1,0.9999169707298279,0.006392998155206442,-0.011196000501513481,0,-0.005446997471153736,0.9965689778327942,0.08258702605962753,0,0.011686000972986221,-0.08251902461051941,0.99652099609375,0,0,12.675665855407715,0.05857999995350838,1,0.9995369911193848,-0.03007800132036209,-0.0045910002663731575,0,0.030122002586722374,0.9568819999694824,0.28891101479530334,0,-0.004296999890357256,-0.2889150083065033,0.9573450088500977,0,-0.0035210000351071358,8.26400375366211,0,1,0.9999809861183167,-0.0061969999223947525,-0.000014000000192027073,0,0.0061969999223947525,0.9999809861183167,0,0,0.000014000000192027073,0,1,0,0.015468000434339046,6.10585880279541,0,1,-0.9229739904403687,-0.24068999290466309,0.30031099915504456,0,0.37023699283599854,-0.7683489918708801,0.5220770239830017,0,0.10508500039577484,0.5930500030517578,0.7982789874076843,0,7.257933139801025,-5.273334980010986,-3.083117961883545,1,0.9847080111503601,0.03762200102210045,0.17010200023651123,0,0.12847900390625,0.502597987651825,-0.8549200296401978,0,-0.11765699833631516,0.8637009859085083,0.49007800221443176,0,0,30.442888259887695,0,1,0.7426769733428955,0.06578300148248672,-0.6664100289344788,0,0.5142539739608765,0.5813900232315063,0.6304979920387268,0,0.42892101407051086,-0.8109610080718994,0.3979560136795044,0,0,18.553098678588867,0,1,0.8921170234680176,0.0005209979717619717,-0.4518040120601654,0,0.37499499320983887,0.5569180250167847,0.7410950064659119,0,0.252003014087677,-0.8305670022964478,0.49664101004600525,0,0,13.033435821533203,0,1,-0.8859500288963318,0.4175339937210083,-0.20188599824905396,0,-0.3765060007572174,-0.9016900062561035,-0.21259799599647522,0,-0.2708050012588501,-0.11234000325202942,0.9560570120811462,0,-7.257933139801025,-5.273334980010986,5.125103950500488,1,0.9710789918899536,0.19012300670146942,-0.14442899823188782,0,-0.2383829951286316,0.7380650043487549,-0.63121497631073,0,-0.013410999439656734,0.6473889946937561,0.7620419859886169,0,0,29.14651870727539,0,1,0.9573400020599365,0.07782299816608429,0.27828601002693176,0,-0.28874701261520386,0.22043000161647797,0.9316840171813965,0,0.011164003051817417,-0.9722930192947388,0.2334969937801361,0,0,18.484560012817383,0,1,0.9286850094795227,-0.01619499921798706,0.37051600217819214,0,-0.3010129928588867,0.5506880283355713,0.7785459756851196,0,-0.21664699912071228,-0.8345540165901184,0.5065400004386902,0,0,12.827351570129395,0,1
K0.100,0.7207990288734436,-0.007934000343084335,0.6930990219116211,0,0.06491299718618393,0.9963129758834839,-0.056102998554706573,0,-0.690097987651825,0.08543000370264053,0.7186560034751892,0,1.138187050819397,55.98114776611328,-1.0480170249938965,1,0.9956570267677307,-0.001572999986819923,-0.09308300167322159,0,0.012879000045359135,0.9925699830055237,0.12098799645900726,0,0.09220100194215775,-0.1216609999537468,0.9882799983024597,0,0,9.493545532226562,0.1414559930562973,1,0.9862040281295776,-0.02280700020492077,-0.16395600140094757,0,0.05518399924039841,0.9791020154953003,0.1957399994134903,0,0.15606600046157837,-0.20208799839019775,0.9668530225753784,0,0,11.077027320861816,0,1,0.9862040281295776,-0.02280700020492077,-0.16395600140094757,0,0.05518399924039841,0.9791020154953003,0.1957399994134903,0,0.15606600046157837,-0.20208799839019775,0.9668530225753784,0,0,12.659470558166504,0,1,0.9997460246086121,0.004995000082999468,0.021976999938488007,0,-0.0030769999139010906,0.9962509870529175,-0.08645900338888168,0,-0.022326000034809113,0.08636900037527084,0.9960129857063293,0,0,14.241898536682129,0,1,0.9375240206718445,-0.04199200123548508,-0.34537801146507263,0,0.0050050001591444016,0.9942150115966797,-0.107294000685215,0,0.34788501262664795,0.09886199980974197,0.9323099851608276,0,0,12.416603088378906,3.0938169956207275,1,0.016704000532627106,0.02410000003874302,-0.9995700120925903,0,0.936273992061615,-0.3511959910392761,0.007178999949246645,0,-0.3508720099925995,-0.9359920024871826,-0.02843100018799305,0,9.226855278015137,11.951860427856445,0.027851000428199768,1,0.966729998588562,0.027135999873280525,0.2543559968471527,0,-0.2141059935092926,0.6299459934234619,0.7465429902076721,0,-0.1399729996919632,-0.7761639952659607,0.6147980093955994,0,0,19.284889221191406,0,1,0.6657519936561584,0.7378810048103333,-0.11093399673700333,0,-0.7414649724960327,0.6708739995956421,0.012555000372231007,0,0.08368699997663498,0.07389599829912186,0.9937480092048645,0,0,25.992307662963867,0,1,0.8884620070457458,-0.08101800084114075,-0.4517419934272766,0,-0.07573799788951874,0.9449179768562317,-0.3184239864349365,0,0.452657014131546,0.3171220123767853,0.8333879709243774,0,0,22.46550941467285,0,1,0.8600080013275146,0.5005149841308594,-0.09935200214385986,0,-0.3884490132331848,0.7684059739112854,0.5085849761962891,0,0.3308970034122467,-0.3987939953804016,0.8552610278129578,0,-4.530734062194824,5.55928897857666,-0.000003999999989900971,1,0.99863201379776,-0.050902001559734344,0.012001000344753265,0,0.05105600133538246,0.9986119866371155,-0.012903999537229538,0,-0.011327999643981457,0.013499000109732151,0.999845027923584,0,-0.10375899821519852,5.736414909362793,0,1,0.9825429916381836,0.18599100410938263,0.004100000020116568,0,-0.18599100410938263,0.9825509786605835,-0.0005050000036135316,0,-0.004122000187635422,-0.00026599998818710446,0.9999909996986389,0,-0.44016900658607483,6.811308860778809,0,1,0.9906449913978577,0.13599899411201477,0.01127300038933754,0,-0.1363919973373413,0.9894319772720337,0.04921500012278557,0,-0.004459999967366457,-0.0502920001745224,0.9987249970436096,0,0,12.258289337158203,0.10341499745845795,1,0.9997550249099731,0.02187499962747097,0.003275000024586916,0,-0.02191299945116043,0.9593870043754578,0.28123998641967773,0,0.003010000102221966,-0.2812429964542389,0.9596319794654846,0,0.026504000648856163,8.824207305908203,0,1,0.9988120198249817,0.04871800169348717,0.0008239999879151583,0,-0.04871800169348717,0.9988129734992981,-0.00002300000051036477,0,-0.0008239999879151583,-0.00001700000029813964,1,0,-0.1279660016298294,5.9656500816345215,0,1,0.16883699595928192,-0.024268999695777893,0.9853450059890747,0,-0.9124289751052856,-0.38194701075553894,0.14693599939346313,0,0.37278300523757935,-0.9238659739494324,-0.08663100004196167,0,-9.226855278015137,11.952047348022461,0.040389999747276306,1,0.9165940284729004,0.39285001158714294,-0.07432600110769272,0,-0.20827999711036682,0.6278449892997742,0.7499529719352722,0,0.34128499031066895,-0.6719220280647278,0.6573020219802856,0,0,19.284889221191406,0,1,0.7381489872932434,-0.6690080165863037,-0.08697599917650223,0,0.6741179823875427,0.7364850044250488,0.0561630018055439,0,0.026482999324798584,-0.10008899867534637,0.994625985622406,0,0,25.992311477661133,0,1,0.93470698595047,-0.24088799953460693,0.26133400201797485,0,0.18747800588607788,0.9588369727134705,0.21326999366283417,0,-0.30195099115371704,-0.15035000443458557,0.9413930177688599,0,0,22.431636810302734,0,1,0.8897600173950195,-0.4449920058250427,-0.10153499990701675,0,0.45367199182510376,0.8378139734268188,0.3037259876728058,0,-0.05008900165557861,-0.316307008266449,0.9473339915275574,0,4.888978004455566,5.557528972625732,-0.000003999999989900971,1,0.9506130218505859,0.3103649914264679,0.0030269999988377094,0,-0.30958500504493713,0.9474359750747681,0.08076299726963043,0,0.02219800092279911,-0.07771199941635132,0.9967290163040161,0,0.3011919856071472,5.913865089416504,0,1,0.9969519972801208,-0.07801800221204758,0.0007469999836757779,0,0.07801800221204758,0.9969519972801208,0.00005500000042957254,0,-0.0007489999989047647,0.000003000000106112566,1,0,0.025519000366330147,6.6395440101623535,0,1,0.9999169707298279,0.006603999994695187,-0.011060000397264957,0,-0.005690000019967556,0.9967190027236938,0.0807339996099472,0,0.011556999757885933,-0.0806640014052391,0.9966740012168884,0,0,12.675665855407715,0.05857999995350838,1,0.9995390176773071,-0.030029000714421272,-0.004575000144541264,0,0.030069999396800995,0.9568920135498047,0.28888198733329773,0,-0.004296999890357256,-0.28888699412345886,0.9573540091514587,0,-0.0035210000351071358,8.26400375366211,0,1,0.9999809861183167,-0.0061969999223947525,-0.000014000000192027073,0,0.0061969999223947525,0.9999809861183167,0,0,0.000014000000192027073,0,1,0,0.015468000434339046,6.10585880279541,0,1,-0.9230129718780518,-0.2406720072031021,0.3002069890499115,0,0.37011799216270447,-0.7686129808425903,0.5217729806900024,0,0.1051660031080246,0.5927150249481201,0.7985169887542725,0,7.257933139801025,-5.273334980010986,-3.083117961883545,1,0.9847019910812378,0.03777199983596802,0.17010599374771118,0,0.1283479928970337,0.5030450224876404,-0.8546770215034485,0,-0.11785399913787842,0.8634349703788757,0.4905009865760803,0,0,30.442888259887695,0,1,0.7426689863204956,0.0656059980392456,-0.6664379835128784,0,0.5142199993133545,0.5816370248794556,0.6302980184555054,0,0.42897701263427734,-0.8107979893684387,0.3982279896736145,0,0,18.553098678588867,0,1,0.8918970227241516,0.0008759999764151871,-0.452237993478775,0,0.374983012676239,0.5575640201568604,0.7406150102615356,0,0.25279998779296875,-0.8301330208778381,0.49696099758148193,0,0,13.033435821533203,0,1,-0.8860089778900146,0.417493999004364,-0.20170800387859344,0,-0.3763419985771179,-0.9016379714012146,-0.21310900151729584,0,-0.27083900570869446,-0.11290500313043594,0.9559800028800964,0,-7.257933139801025,-5.273334980010986,5.125103950500488,1,0.9710580110549927,0.19015400111675262,-0.14452500641345978,0,-0.2384839951992035,0.7387760281562805,-0.6303460001945496,0,-0.013092000037431717,0.646569013595581,0.7627429962158203,0,0,29.14651870727539,0,1,0.9573310017585754,0.07801400125026703,0.27826398611068726,0,-0.28878000378608704,0.22126999497413635,0.9314749836921692,0,0.011096999980509281,-0.972087025642395,0.23435799777507782,0,0,18.484560012817383,0,1,0.928691029548645,-0.01620499975979328,0.37050101161003113,0,-0.30099400877952576,0.5506910085678101,0.7785509824752808,0,-0.21664799749851227,-0.834551990032196,0.5065439939498901,0,0,12.827351570129395,0,1
