1.900,30,56,41
B0,mixamorig_Hips,-1,0.7488062977790833,0.17454743385314941,0.6393416523933411,0,-0.11817052960395813,0.9843770265579224,-0.13031938672065735,0,-0.6521412134170532,0.02199918031692505,0.7577572464942932,0,-1.7153412103652954,89.5676498413086,-3.164489984512329,1
B1,mixamorig_Spine,0,0.9990372657775879,0.0015143356285989285,-0.04373577609658241,0,0.006626241374760866,0.9824686050415039,0.1860165297985077,0,0.043236590921878815,-0.1861243098974228,0.981515645980835,0,0,9.493545532226562,0.1414559930562973,1
B2,mixamorig_Spine1,1,0.9945268630981445,-0.09055808186531067,-0.05125482752919197,0,0.1013309508562088,0.9525034427642822,0.2864713966846466,0,0.022796794772148132,-0.2900603413581848,0.956500232219696,0,0,11.077027320861816,0,1
B3,mixamorig_Spine2,2,0.9945268630981445,-0.09055808186531067,-0.05125482752919197,0,0.1013309508562088,0.9525032639503479,0.2864713966846466,0,0.022796794772148132,-0.2900603413581848,0.956500232219696,0,0,12.659470558166504,0,1
B4,mixamorig_Neck,3,0.9965243339538574,-0.01757030561566353,-0.08070645481348038,0,0.03678510710597038,0.9691622257232666,0.2429037094116211,0,0.07412883639335632,-0.24504302442073822,0.9665411710739136,0,0,14.241898536682129,0,1
B5,mixamorig_Head,4,0.948255717754364,-0.1726502627134323,-0.26532605290412903,0,0.13006047904491425,0.976601779460907,-0.17049837112426758,0,0.28862476348876953,0.12690183520317078,0.9488092064857483,0,0,12.416603088378906,3.0938169956207275,1
B6,mixamorig_HeadTop_End,5,1,0,0,0,0,1,0,0,0,0,1,0,0,52.19218444824219,13.004611015319824,1
B7,mixamorig_LeftShoulder,3,-0.3304058909416199,-0.06786000728607178,-0.9407731294631958,0,0.9331247806549072,-0.16819244623184204,-0.3156743049621582,0,-0.13693977892398834,-0.9833452701568604,0.1185191348195076,0,9.226855278015137,11.951860427856445,0.027851000428199768,1
B8,mixamorig_LeftArm,7,0.844208836555481,-0.39877957105636597,0.3550756573677063,0,0.4820038378238678,0.855122983455658,-0.18140384554862976,0,-0.23352976143360138,0.32442542910575867,0.9148456454277039,0,0,19.284889221191406,0,1
B9,mixamorig_LeftForeArm,8,0.559930682182312,0.765933096408844,0.3131905496120453,0,-0.8203545808792114,0.5625108480453491,0.09139879047870636,0,-0.10599847882986069,-0.3077632188796997,0.9452375173568726,0,0,25.992307662963867,0,1
B10,mixamorig_LeftHand,9,0.9861398339271545,0.0252536591142416,0.16076895594596863,0,0.09475141763687134,0.7140439748764038,-0.6922126412391663,0,-0.13140390813350677,0.6987141966819763,0.7024964690208435,0,0,22.46550941467285,0,1
B11,mixamorig_LeftHandThumb1,10,0.8377421498298645,0.5444449186325073,-0.039949219673871994,0,-0.489065557718277,0.7810768485069275,0.3879101276397705,0,0.24235515296459198,-0.30559036135673523,0.9207342863082886,0,-4.530734062194824,5.55928897857666,-0.000003999999989900971,1
B12,mixamorig_LeftHandThumb2,11,0.9907242059707642,-0.13493750989437103,0.01202761847525835,0,0.13487866520881653,0.990787148475647,0.005525796674191952,0,-0.012687649577856064,-0.0038504363037645817,0.9999099373817444,0,-0.10375899821519852,5.736414909362793,0,1
B13,mixamorig_LeftHandThumb3,12,0.9825429916381836,0.18599100410938263,0.004100000020116568,0,-0.18599100410938263,0.9825509786605835,-0.0005050000036135316,0,-0.004122000187635422,-0.00026599998818710446,0.9999909996986389,0,-0.44016900658607483,6.811308860778809,0,1
B14,mixamorig_LeftHandThumb4,13,1,0,0,0,0,1,0,0,0,0,1,0,0.543927013874054,4.416207790374756,0,1
B15,mixamorig_LeftHandIndex1,10,0.9870298504829407,0.1582016944885254,0.02588164620101452,0,-0.15902215242385864,0.9451830387115479,0.2823595702648163,0,0.020523179322481155,-0.2828049957752228,0.95814448595047,0,0,12.258289337158203,0.10341499745845795,1
B16,mixamorig_LeftHandIndex2,15,0.9964681267738342,0.0802568569779396,0.022052912041544914,0,-0.08155220001935959,0.8898903727531433,0.44750910997390747,0,0.016651494428515434,-0.4477454721927643,0.8934138417243958,0,0.026504000648856163,8.824207305908203,0,1
B17,mixamorig_LeftHandIndex3,16,0.9988120198249817,0.04871800169348717,0.0008239999879151583,0,-0.04871800169348717,0.9988129734992981,-0.00002300000051036477,0,-0.0008239999879151583,-0.00001700000029813964,1,0,-0.1279660016298294,5.9656500816345215,0,1
B18,mixamorig_LeftHandIndex4,17,1,0,0,0,0,1,0,0,0,0,1,0,0.1014619991183281,3.719062089920044,0,1
B19,mixamorig_RightShoulder,3,-0.21524430811405182,0.03952924907207489,0.9757369160652161,0,-0.9550461173057556,-0.216660737991333,-0.201801598072052,0,0.20341897010803223,-0.9753121137619019,0.08439815789461136,0,-9.226855278015137,11.952047348022461,0.040389999747276306,1
B20,mixamorig_RightArm,19,0.8211379647254944,0.11775921285152435,-0.5557906627655029,0,-0.2891184985637665,0.9276494383811951,-0.22958263754844666,0,0.4911476969718933,0.3492242991924286,0.7972847819328308,0,0,19.284889221191406,0,1
B21,mixamorig_RightForeArm,20,0.7002387046813965,-0.5151206851005554,-0.493961900472641,0,0.5098366141319275,0.8454380631446838,-0.158737912774086,0,0.4994560480117798,-0.14055894315242767,0.8547001481056213,0,0,25.992311477661133,0,1
B22,mixamorig_RightHand,21,0.9607437252998352,-0.1682940125465393,-0.21309368312358856,0,0.06367401778697968,0.8981865644454956,-0.432986319065094,0,0.2639041543006897,0.4020589590072632,0.8740115165710449,0,0,22.431636810302734,0,1
B23,mixamorig_RightHandThumb1,22,0.8535090088844299,-0.5207304358482361,0.009278879500925541,0,0.45145341753959656,0.7497364282608032,0.4822896420955658,0,-0.2582090497016907,-0.4073237478733063,0.8750377297401428,0,4.888978004455566,5.557528972625732,-0.000003999999989900971,1
B24,mixamorig_RightHandThumb2,23,0.9746352434158325,0.22361330687999725,-0.0037186674308031797,0,-0.22312220931053162,0.9733595252037048,0.05208836868405342,0,0.015287712216377258,-0.04993770644068718,0.9986324310302734,0,0.3011919856071472,5.913865089416504,0,1
B25,mixamorig_RightHandThumb3,24,0.9969519972801208,-0.07801800221204758,0.0007469999836757779,0,0.07801800221204758,0.9969519972801208,0.000055999997130129486,0,-0.0007489999989047647,0.000003000000106112566,1,0,0.025519000366330147,6.6395440101623535,0,1
B26,mixamorig_RightHandThumb4,25,1,0,0,0,0,1,0,0,0,0,1,0,-0.3267109990119934,4.391520977020264,0,1
B27,mixamorig_RightHandIndex1,22,0.9954420328140259,-0.0906929299235344,-0.0248134583234787,0,0.09398771822452545,0.9630270004272461,0.25052234530448914,0,0.0007468418916687369,-0.2517390549182892,0.96741783618927,0,0,12.675665855407715,0.05857999995350838,1
B28,mixamorig_RightHandIndex2,27,0.9976441860198975,-0.06593728065490723,-0.01773027889430523,0,0.0673532709479332,0.9082021117210388,0.4123938977718353,0,-0.011239822953939438,-0.4126240611076355,0.9105466604232788,0,-0.0035210000351071358,8.26400375366211,0,1
B29,mixamorig_RightHandIndex3,28,0.9999809861183167,-0.0061969999223947525,-0.000014793846276006661,0,0.0061969999223947525,0.9999809861183167,9.999999974752427e-7,0,0.000014793846276006661,-9.999999974752427e-7,1,0,0.015468000434339046,6.10585880279541,0,1
B30,mixamorig_RightHandIndex4,29,1,0,0,0,0,1,0,0,0,0,1,0,-0.01194700039923191,3.2525739669799805,0,1
B31,mixamorig_LeftUpLeg,0,-0.9331961870193481,-0.05552557855844498,0.3533264696598053,0,0.33156079053878784,-0.5106651186943054,0.7917850017547607,0,0.13552263379096985,0.8566022515296936,0.49500566720962524,0,7.257933139801025,-5.273334980010986,-3.083117961883545,1
B32,mixamorig_LeftLeg,31,0.9474928975105286,0.2514517903327942,0.1886281669139862,0,0.2228206843137741,-0.09090267866849899,-0.9640403389930725,0,-0.2268315553665161,0.9553142786026001,-0.14174236357212067,0,0,30.442888259887695,0,1
B33,mixamorig_LeftFoot,32,0.7460528612136841,-0.10764482617378235,-0.6551933884620667,0,0.5054221749305725,0.7312979102134705,0.45159053802490234,0,0.4334598779678345,-0.6681966781616211,0.5997447371482849,0,0,18.553098678588867,0,1
B34,mixamorig_LeftToeBase,33,0.9291651844978333,-0.04679827392101288,-0.36642199754714966,0,0.3268865644931793,0.5661792755126953,0.7566903233528137,0,0.17205087840557098,-0.822862446308136,0.5413814783096313,0,0,13.033435821533203,0,1
B35,mixamorig_LeftToe_End,34,1,0,0,0,0,1,0,0,0,0,1,0,0,5.268302917480469,0,1
B36,mixamorig_RightUpLeg,0,-0.6700767874717712,0.4708050489425659,-0.5728189945220947,0,-0.7224915027618408,-0.5891936421394348,0.3579283654689789,0,-0.16963349282741547,0.6538214683532715,0.7348553538322449,0,-7.257933139801025,-5.273334980010986,5.125103950500488,1
B37,mixamorig_RightLeg,36,0.7878737449645996,0.4592350423336029,-0.40763068199157715,0,-0.32931599020957947,-0.2407054305076599,-0.9063341617584229,0,-0.5192146897315979,0.847952663898468,-0.03682677447795868,0,0,29.14651870727539,0,1
B38,mixamorig_RightFoot,37,0.9743521213531494,-0.1649325042963028,0.1520671546459198,0,-0.004333567339926958,0.6627485156059265,0.7485107779502869,0,-0.224076047539711,-0.7299748659133911,0.6452270150184631,0,0,18.484560012817383,0,1
B39,mixamorig_RightToeBase,38,0.8841127753257751,-0.08482280373573303,0.45893311500549316,0,-0.3455721437931061,0.5426856875419617,0.7654651999473572,0,-0.3140356242656708,-0.8353216648101807,0.4505188763141632,0,0,12.827351570129395,9.999999974752427e-7,1
B40,mixamorig_RightToe_End,39,1,0,0,0,0,1,0,0,0,0,1,0,0,5.283959865570068,0,1
@34,0,1,2,3,4,5,7,8,9,10,11,12,13,15,16,17,19,20,21,22,23,24,25,27,28,29,31,32,33,34,36,37,38,39
K0.000,0.7213019728660583,-0.007859000004827976,0.692575991153717,0,0.06417600065469742,0.996392011642456,-0.055532000958919525,0,-0.689640998840332,0.08450199663639069,0.7192040085792542,0,1.114696979522705,55.95857238769531,-1.0347919464111328,1,0.9956480264663696,-0.001487000030465424,-0.09318699687719345,0,0.01284599956125021,0.9925190210342407,0.12141600251197815,0,0.09230899810791016,-0.12208499759435654,0.9882180094718933,0,0,9.493545532226562,0.1414559930562973,1,0.986175000667572,-0.022866999730467796,-0.16412000358104706,0,0.055390000343322754,0.9789509773254395,0.19643700122833252,0,0.1561730057001114,-0.20281100273132324,0.9666839838027954,0,0,11.077027320861816,0,1,0.986175000667572,-0.022866999730467796,-0.16411900520324707,0,0.055390000343322754,0.9789509773254395,0.19643600285053253,0,0.1561730057001114,-0.20281100273132324,0.9666839838027954,0,0,12.659470558166504,0,1,0.9997429847717285,0.005439000204205513,0.02201399952173233,0,-0.003438000101596117,0.9959400296211243,-0.08995799720287323,0,-0.02241400070488453,0.0898590013384819,0.9957020282745361,0,0,14.241898536682129,0,1,0.9370309710502625,-0.04470900073647499,-0.34637099504470825,0,0.006188000086694956,0.9937419891357422,-0.11152999848127365,0,0.34918999671936035,0.10236400365829468,0.931443989276886,0,0,12.416603088378906,3.0938169956207275,1,0.016885999590158463,0.0236859992146492,-0.999576985836029,0,0.9355120062828064,-0.3532179892063141,0.0074339997954666615,0,-0.3528920114040375,-0.9352409839630127,-0.02812200039625168,0,9.226855278015137,11.951860427856445,0.027851000428199768,1,0.9667400121688843,0.026399999856948853,0.2543970048427582,0,-0.21353699266910553,0.6307709813117981,0.7460100054740906,0,-0.1407719999551773,-0.7755200266838074,0.6154279708862305,0,0,19.284889221191406,0,1,0.6664729714393616,0.7371280193328857,-0.11160899698734283,0,-0.7407540082931519,0.6716579794883728,0.012589000165462494,0,0.08424299955368042,0.07428400218486786,0.9936720132827759,0,0,25.992307662963867,0,1,0.8879730105400085,-0.08151800185441971,-0.4526129961013794,0,-0.07703399658203125,0.9438959956169128,-0.32113298773765564,0,0.4533979892730713,0.3200240135192871,0.8318740129470825,0,0,22.46550941467285,0,1,0.8590660095214844,0.5026170015335083,-0.09686300158500671,0,-0.39233699440956116,0.7681030035018921,0.5060529708862305,0,0.32875099778175354,-0.3967300057411194,0.8570460081100464,0,-4.530734062194824,5.55928897857666,-0.000003999999989900971,1,0.9986429810523987,-0.050638001412153244,0.012141999788582325,0,0.05079999938607216,0.998619019985199,-0.013395999558269978,0,-0.011446000076830387,0.013993999920785427,0.9998369812965393,0,-0.10375899821519852,5.736414909362793,0,1,0.9825429916381836,0.18599100410938263,0.004100000020116568,0,-0.18599100410938263,0.9825509786605835,-0.000506000011228025,0,-0.004122000187635422,-0.00026599998818710446,0.9999909996986389,0,-0.44016900658607483,6.811308860778809,0,1,0.9907159805297852,0.13549600541591644,0.011090000160038471,0,-0.13586899638175964,0.9896349906921387,0.04650000110268593,0,-0.004674999974668026,-0.047575000673532486,0.9988570213317871,0,0,12.258289337158203,0.10341499745845795,1,0.999770998954773,0.021232999861240387,0.0028389999642968178,0,-0.02118000015616417,0.959958016872406,0.27934199571609497,0,0.0032059999648481607,-0.279338002204895,0.9601879715919495,0,0.026504000648856163,8.824207305908203,0,1,0.9988120198249817,0.04871800169348717,0.0008239999879151583,0,-0.04871800169348717,0.9988129734992981,-0.00002300000051036477,0,-0.0008239999879151583,-0.00001700000029813964,1,0,-0.1279660016298294,5.9656500816345215,0,1,0.1708189994096756,-0.023483000695705414,0.985023021697998,0,-0.910618007183075,-0.385560005903244,0.1487240046262741,0,0.37629199028015137,-0.9223840236663818,-0.08724500238895416,0,-9.226855278015137,11.952047348022461,0.040389999747276306,1,0.9154580235481262,0.3952060043811798,-0.07582700252532959,0,-0.209539994597435,0.6290150284767151,0.7486199736595154,0,0.3435559868812561,-0.6694409847259521,0.6586480140686035,0,0,19.284889221191406,0,1,0.7385960221290588,-0.6681200265884399,-0.08994700014591217,0,0.6733970046043396,0.7374730110168457,0.05166900157928467,0,0.03181299939751625,-0.09873300045728683,0.9946050047874451,0,0,25.992311477661133,0,1,0.933305025100708,-0.2442069947719574,0.26325899362564087,0,0.18906299769878387,0.9574790000915527,0.21792100369930267,0,-0.3052830100059509,-0.15361399948596954,0.9397900104522705,0,0,22.431636810302734,0,1,0.8879709839820862,-0.44891899824142456,-0.09989599883556366,0,0.45675501227378845,0.8354899883270264,0.30550000071525574,0,-0.053683001548051834,-0.3169029951095581,0.9469370245933533,0,4.888978004455566,5.557528972625732,-0.000003999999989900971,1,0.9512619972229004,0.3083760142326355,0.0020989999175071716,0,-0.3076069951057434,0.9483659863471985,0.07732299715280533,0,0.02185400016605854,-0.07419999688863754,0.997003972530365,0,0.3011919856071472,5.913865089416504,0,1,0.9969519972801208,-0.07801800221204758,0.0007469999836757779,0,0.07801800221204758,0.9969519972801208,0.00005500000042957254,0,-0.0007489999989047647,0.000003000000106112566,1,0,0.025519000366330147,6.6395440101623535,0,1,0.9999179840087891,0.006269000004976988,-0.011125000193715096,0,-0.005288999993354082,0.9962739944458008,0.08608700335025787,0,0.011622999794781208,-0.08602099865674973,0.9962260127067566,0,0,12.675665855407715,0.05857999995350838,1,0.9995250105857849,-0.030434999614953995,-0.004916999954730272,0,0.030553000047802925,0.9565629959106445,0.2899189889431,0,-0.004120000172406435,-0.2899320125579834,0.9570389986038208,0,-0.0035210000351071358,8.26400375366211,0,1,0.9999809861183167,-0.0061969999223947525,-0.000014000000192027073,0,0.0061969999223947525,0.9999809861183167,0,0,0.000014000000192027073,0,1,0,0.015468000434339046,6.10585880279541,0,1,-0.9229660034179688,-0.24062299728393555,0.30039098858833313,0,0.37033700942993164,-0.7677509784698486,0.5228850245475769,0,0.10480800271034241,0.5938509702682495,0.7977200150489807,0,7.257933139801025,-5.273334980010986,-3.083117961883545,1,0.9847840070724487,0.03742099925875664,0.16970700025558472,0,0.12838800251483917,0.5014780163764954,-0.8555909991264343,0,-0.11712100356817245,0.8643609881401062,0.4890429973602295,0,0,30.442888259887695,0,1,0.7425869703292847,0.0663750022649765,-0.6664530038833618,0,0.5143740177154541,0.5807650089263916,0.6309769749641418,0,0.4289340078830719,-0.8113610148429871,0.3971270024776459,0,0,18.553098678588867,0,1,0.8923550248146057,0.00038899999344721437,-0.45133501291275024,0,0.37488800287246704,0.5562000274658203,0.7416880130767822,0,0.2513209879398346,-0.8310480117797852,0.49618199467658997,0,0,13.033435821533203,0,1,-0.8860129714012146,0.4172550141811371,-0.2021860033273697,0,-0.376228004693985,-0.9018399715423584,-0.21245400607585907,0,-0.27098700404167175,-0.11216899752616882,0.9560250043869019,0,-7.257933139801025,-5.273334980010986,5.125103950500488,1,0.9710749983787537,0.18991999328136444,-0.14471900463104248,0,-0.23840300738811493,0.737401008605957,-0.6319839954376221,0,-0.01331000030040741,0.6482049822807312,0.7613499760627747,0,0,29.14651870727539,0,1,0.957302987575531,0.07795000076293945,0.2783769965171814,0,-0.28885000944137573,0.21911899745464325,0.9319620132446289,0,0.011649000458419323,-0.9725790023803711,0.2322790026664734,0,0,18.484560012817383,0,1,0.9287099838256836,-0.016057999804615974,0.3704580068588257,0,-0.30104801058769226,0.5506330132484436,0.7785720229148865,0,-0.2164890021085739,-0.8345929980278015,0.5065439939498901,0,0,12.827351570129395,0,1
K0.033,0.7202329635620117,-0.013291065581142902,0.6936050653457642,0,0.05746179074048996,0.9975240230560303,-0.04055267944931984,0,-0.6913491487503052,0.06906362622976303,0.7192129492759705,0,1.3385272026062012,55.92268371582031,-1.024010181427002,1,0.9961360096931458,-0.00025393921532668173,-0.08782892674207687,0,0.011058934964239597,0.9923999905586243,0.12255705893039703,0,0.08713093400001526,-0.12305505573749542,0.9885669946670532,0,0,9.493545532226562,0.1414559930562973,1,0.9878929853439331,-0.02414899878203869,-0.15324483811855316,0,0.05449597164988518,0.9788780212402344,0.19704705476760864,0,0.14524982869625092,-0.20301304757595062,0.9683430194854736,0,0,11.077027320861816,0,1,0.9878929853439331,-0.02414899878203869,-0.15324483811855316,0,0.05449597164988518,0.9788780212402344,0.19704705476760864,0,0.14524982869625092,-0.20301304757595062,0.9683430194854736,0,0,12.659470558166504,0,1,0.9998930096626282,0.007839007303118706,0.012385815382003784,0,-0.006555027794092894,0.9949089288711548,-0.10056030005216599,0,-0.013110820204019547,0.10046830028295517,0.9948539137840271,0,0,14.241898536682129,0,1,0.9339719414710999,-0.045927274972200394,-0.35438311100006104,0,0.011104252189397812,0.9949579834938049,-0.09967907518148422,0,0.3571741580963135,0.08916196972131729,0.9297729134559631,0,0,12.416603088378906,3.0938169956207275,1,0.00636290293186903,0.023108981549739838,-0.9997130036354065,0,0.9341499209403992,-0.35687410831451416,-0.00230408669449389,0,-0.3568251132965088,-0.9338659644126892,-0.023857947438955307,0,9.226855278015137,11.951860427856445,0.027851000428199768,1,0.9684100151062012,0.006033584475517273,0.24929194152355194,0,-0.1937386393547058,0.6476072072982788,0.7369328737258911,0,-0.15699630975723267,-0.7619498372077942,0.6283181309700012,0,0,19.284889221191406,0,1,0.6376442909240723,0.7630305290222168,-0.10580281168222427,0,-0.7672885656356812,0.6413012146949768,0.0007125549600459635,0,0.0683954581618309,0.08072716742753983,0.9943869709968567,0,0,25.992307662963867,0,1,0.8904830813407898,-0.08042293041944504,-0.44785192608833313,0,-0.06543292850255966,0.9513930678367615,-0.30094975233078003,0,0.450285941362381,0.2972947657108307,0.8419371247291565,0,0,22.46550941467285,0,1,0.8541228175163269,0.5136592984199524,-0.08141660690307617,0,-0.41182947158813477,0.7636168003082275,0.4972788095474243,0,0.3176027536392212,-0.39120692014694214,0.8637621402740479,0,-4.530734062194824,5.55928897857666,-0.000003999999989900971,1,0.9985129833221436,-0.05313103646039963,0.01221800222992897,0,0.05329003557562828,0.9984930157661438,-0.013120998628437519,0,-0.011503000743687153,0.01375299971550703,0.9998390078544617,0,-0.10375899821519852,5.736414909362793,0,1,0.9825429916381836,0.18599100410938263,0.004100000020116568,0,-0.18599100410938263,0.9825509786605835,-0.0005050000036135316,0,-0.004122000187635422,-0.00026599998818710446,0.9999909996986389,0,-0.44016900658607483,6.811308860778809,0,1,0.9908409714698792,0.13446098566055298,0.012384036555886269,0,-0.13493700325489044,0.989395022392273,0.05375417321920395,0,-0.005025013349950314,-0.054933175444602966,0.9984769821166992,0,0,12.258289337158203,0.10341499745845795,1,0.9997450113296509,0.02236402966082096,0.0031000070739537477,0,-0.022328030318021774,0.9589830040931702,0.282581090927124,0,0.0033470040652900934,-0.28257909417152405,0.9592379927635193,0,0.026504000648856163,8.824207305908203,0,1,0.9988120198249817,0.04871800169348717,0.0008239999879151583,0,-0.04871800169348717,0.9988129734992981,-0.00002300000051036477,0,-0.0008239999879151583,-0.00001700000029813964,1,0,-0.1279660016298294,5.9656500816345215,0,1,0.15858174860477448,-0.022871991619467735,0.9870810508728027,0,-0.9117980599403381,-0.3869269788265228,0.13752175867557526,0,0.3787829875946045,-0.9218260049819946,-0.0822138860821724,0,-9.226855278015137,11.952047348022461,0.040389999747276306,1,0.9299221038818359,0.3581286370754242,-0.08360207825899124,0,-0.1907658576965332,0.6640985012054443,0.7228975892066956,0,0.3144107162952423,-0.6562896966934204,0.6858783960342407,0,0,19.284889221191406,0,1,0.7273183465003967,-0.682974636554718,-0.06747961044311523,0,0.6863005757331848,0.7237233519554138,0.07222697138786316,0,-0.0004933197051286697,-0.09884368628263474,0.9951030015945435,0,0,25.992311477661133,0,1,0.9403000473976135,-0.2301677018404007,0.250715047121048,0,0.18098773062229156,0.9620140790939331,0.2043808400630951,0,-0.2882330119609833,-0.14680291712284088,0.9462400078773499,0,0,22.431636810302734,0,1,0.8828228712081909,-0.45856723189353943,-0.10168207436800003,0,0.4668682813644409,0.8329219222068787,0.2971128225326538,0,-0.05155292898416519,-0.3097698390483856,0.9494130611419678,0,4.888978004455566,5.557528972625732,-0.000003999999989900971,1,0.955548107624054,0.29483267664909363,0.0010519771603867412,0,-0.2941116690635681,0.9529491066932678,0.07339190691709518,0,0.020635973662137985,-0.070438914000988,0.9973030090332031,0,0.3011919856071472,5.913865089416504,0,1,0.9969519972801208,-0.07801800221204758,0.0007469999836757779,0,0.07801800221204758,0.9969519972801208,0.00005500001134350896,0,-0.0007489999989047647,0.000003000000106112566,1,0,0.025519000366330147,6.6395440101623535,0,1,0.9999229907989502,0.0007868622778914869,-0.012421036139130592,0,0.00033514181268401444,0.9959310293197632,0.09012410044670105,0,0.01244102232158184,-0.09012109786272049,0.9958530068397522,0,0,12.675665855407715,0.05857999995350838,1,0.9995080232620239,-0.03094901330769062,-0.005068004131317139,0,0.03108101524412632,0.9560049772262573,0.29169806838035583,0,-0.004182002041488886,-0.29171204566955566,0.9564970135688782,0,-0.0035210000351071358,8.26400375366211,0,1,0.9999809861183167,-0.0061969999223947525,-0.000014000000192027073,0,0.0061969999223947525,0.9999809861183167,0,0,0.000014000000192027073,0,1,0,0.015468000434339046,6.10585880279541,0,1,-0.9255260229110718,-0.2399628907442093,0.29294899106025696,0,0.36736395955085754,-0.7566815614700317,0.5408105254173279,0,0.09189481288194656,0.6081534624099731,0.788482666015625,0,7.257933139801025,-5.273334980010986,-3.083117961883545,1,0.9832759499549866,0.0486222505569458,0.17551107704639435,0,0.12789902091026306,0.5017166137695312,-0.8555241823196411,0,-0.12965421378612518,0.8636641502380371,0.48710760474205017,0,0,30.442888259887695,0,1,0.7429450154304504,0.06144807115197182,-0.6665260195732117,0,0.5159950256347656,0.5817059278488159,0.6287830471992493,0,0.42635998129844666,-0.8110750317573547,0.4004689157009125,0,0,18.553098678588867,0,1,0.8925910592079163,0.002765825018286705,-0.45085883140563965,0,0.3732869327068329,0.55628901720047,0.7424280643463135,0,0.25286176800727844,-0.8309839963912964,0.49550607800483704,0,0,13.033435821533203,0,1,-0.8902400135993958,0.40946200489997864,-0.19953304529190063,0,-0.3755212128162384,-0.9076990485191345,-0.18725712597370148,0,-0.2577907145023346,-0.09177516400814056,0.9618321061134338,0,-7.257933139801025,-5.273334980010986,5.125103950500488,1,0.9705129861831665,0.18667905032634735,-0.15249502658843994,0,-0.24087002873420715,0.7267762422561646,-0.6432557106018066,0,-0.009252269752323627,0.6610197424888611,0.7503112554550171,0,0,29.14651870727539,0,1,0.9574689865112305,0.07953190058469772,0.2773590087890625,0,-0.2881399691104889,0.21312950551509857,0.9335691332817078,0,0.01513505820184946,-0.9737811088562012,0.2269814908504486,0,0,18.484560012817383,0,1,0.9281799793243408,-0.012731999158859253,0.3719150125980377,0,-0.3033199906349182,0.5531169772148132,0.775924026966095,0,-0.21559199690818787,-0.8330060243606567,0.5095300078392029,0,0,12.827351570129395,0,1
K0.067,0.7117520570755005,-0.01985093392431736,0.7021509408950806,0,0.03644020855426788,0.9992979764938354,-0.008686316199600697,0,-0.7014848589897156,0.03176937252283096,0.7119750380516052,0,2.0525827407836914,55.276397705078125,-1.0521677732467651,1,0.9967439770698547,0.005821939557790756,-0.08042007684707642,0,0.004554064944386482,0.9917330145835876,0.12823593616485596,0,0.08050207048654556,-0.12818396091461182,0.9884780049324036,0,0,9.493545532226562,0.1414559930562973,1,0.9903150200843811,-0.02390100248157978,-0.13676616549491882,0,0.05155203118920326,0.9779499769210815,0.20237794518470764,0,0.12891316413879395,-0.20746895670890808,0.9697099924087524,0,0,11.077027320861816,0,1,0.9903150200843811,-0.02390100248157978,-0.13676616549491882,0,0.05155203118920326,0.9779499769210815,0.20237794518470764,0,0.12891316413879395,-0.20746895670890808,0.9697099924087524,0,0,12.659470558166504,0,1,0.9999449849128723,0.00861499272286892,-0.0060398168861866,0,-0.00932697206735611,0.9914540648460388,-0.1301196962594986,0,0.004866821225732565,0.13016970455646515,0.9914800524711609,0,0,14.241898536682129,0,1,0.9274030327796936,-0.07345672696828842,-0.3667808771133423,0,0.0362977497279644,0.9935740232467651,-0.10720692574977875,0,0.37229984998703003,0.08611103147268295,0.9241090416908264,0,0,12.416603088378906,3.0938169956207275,1,-0.0033359036315232515,0.021298019215464592,-0.9997680187225342,0,0.9294640421867371,-0.36874887347221375,-0.01095691416412592,0,-0.36889687180519104,-0.9292850494384766,-0.018566051498055458,0,9.226855278015137,11.951860427856445,0.027851000428199768,1,0.9693390130996704,-0.035499587655067444,0.24315105378627777,0,-0.15799236297607422,0.6678338050842285,0.7273491024971008,0,-0.18820469081401825,-0.7434631586074829,0.6417489051818848,0,0,19.284889221191406,0,1,0.5674167275428772,0.8187674880027771,-0.08750718086957932,0,-0.8233174681663513,0.5658918023109436,-0.04376755654811859,0,0.013684543780982494,0.09688083827495575,0.9952020049095154,0,0,25.992307662963867,0,1,0.8945869207382202,-0.07367606461048126,-0.44077906012535095,0,-0.05830907076597214,0.9586419463157654,-0.27857720851898193,0,0.4430740475654602,0.2749132215976715,0.8532928824424744,0,0,22.46550941467285,0,1,0.8379392027854919,0.5441297292709351,-0.04220039024949074,0,-0.460549533367157,0.7464761734008789,0.4802781641483307,0,0.2928352355957031,-0.38300809264183044,0.8760998845100403,0,-4.530734062194824,5.55928897857666,-0.000003999999989900971,1,0.9983019828796387,-0.05691196396946907,0.012377997860312462,0,0.057072963565588,0.9982849955558777,-0.01305600069463253,0,-0.011613999493420124,0.013740000315010548,0.9998379945755005,0,-0.10375899821519852,5.736414909362793,0,1,0.9825429916381836,0.18599100410938263,0.004100000020116568,0,-0.18599100410938263,0.9825509786605835,-0.0005050000036135316,0,-0.0041229999624192715,-0.00026599998818710446,0.9999909996986389,0,-0.44016900658607483,6.811308860778809,0,1,0.9908949732780457,0.1336820125579834,0.01602596417069435,0,-0.1344889998435974,0.9883779883384705,0.07085982710123062,0,-0.0063669863156974316,-0.07236982882022858,0.9973580241203308,0,0,12.258289337158203,0.10341499745845795,1,0.9996709823608398,0.025370970368385315,0.003803993109613657,0,-0.025378970429301262,0.9563310146331787,0.29118192195892334,0,0.003749995958060026,-0.29118192195892334,0.9566599726676941,0,0.026504000648856163,8.824207305908203,0,1,0.9988120198249817,0.04871800169348717,0.0008239999879151583,0,-0.04871800169348717,0.9988129734992981,-0.00002300000051036477,0,-0.0008239999879151583,-0.00001700000029813964,1,0,-0.1279660016298294,5.9656500816345215,0,1,0.13261425495147705,-0.022060006856918335,0.9909219145774841,0,-0.91581791639328,-0.38507503271102905,0.11399123072624207,0,0.37906500697135925,-0.9226210117340088,-0.07127010822296143,0,-9.226855278015137,11.952047348022461,0.040389999747276306,1,0.9424349069595337,0.32159537076950073,-0.09160991758108139,0,-0.17553114891052246,0.7089665532112122,0.68304842710495,0,0.28461331129074097,-0.6276482939720154,0.7246046662330627,0,0,19.284889221191406,0,1,0.6628746390342712,-0.7481693625450134,-0.028964383527636528,0,0.748026430606842,0.6600806713104248,0.06891802698373795,0,-0.032443683594465256,-0.06735031306743622,0.9972019791603088,0,0,25.992311477661133,0,1,0.9454139471054077,-0.20014029741287231,0.2571679353713989,0,0.1543852686882019,0.9700749516487122,0.18740016222000122,0,-0.28697898983955383,-0.13746808469295502,0.9480220079421997,0,0,22.431636810302734,0,1,0.868877112865448,-0.4829147756099701,-0.10883792489767075,0,0.49301373958587646,0.8243610858917236,0.27814817428588867,0,-0.044600069522857666,-0.29533514380455017,0.9543519616127014,0,4.888978004455566,5.557528972625732,-0.000003999999989900971,1,0.9647548794746399,0.2631463408470154,-0.0012249774299561977,0,-0.26252931356430054,0.9627898931503296,0.0641430914402008,0,0.01805802620947361,-0.061561089009046555,0.9979400038719177,0,0.3011919856071472,5.913865089416504,0,1,0.9969519972801208,-0.07801800221204758,0.0007469999836757779,0,0.07801800221204758,0.9969519972801208,0.00005599998985417187,0,-0.0007489999989047647,0.000003000000106112566,1,0,0.025519000366330147,6.6395440101623535,0,1,0.9997869729995728,-0.012973862700164318,-0.016051964834332466,0,0.014507859013974667,0.994933009147644,0.0994919091463089,0,0.014679977670311928,-0.09970390051603317,0.9949089884757996,0,0,12.675665855407715,0.05857999995350838,1,0.9994630217552185,-0.03231998533010483,-0.005475995596498251,0,0.03248998522758484,0.9544960260391235,0.2964489459991455,0,-0.004354998003691435,-0.29646793007850647,0.955033004283905,0,-0.0035210000351071358,8.26400375366211,0,1,0.9999809861183167,-0.0061969999223947525,-0.000014000000192027073,0,0.0061969999223947525,0.9999809861183167,0,0,0.000014000000192027073,0,1,0,0.015468000434339046,6.10585880279541,0,1,-0.9283009767532349,-0.2302410900592804,0.2919690012931824,0,0.3645950257778168,-0.7177693843841553,0.5931934714317322,0,0.07298918813467026,0.6571125388145447,0.7502503395080566,0,7.257933139801025,-5.273334980010986,-3.083117961883545,1,0.9802290797233582,0.07366575300693512,0.18364092707633972,0,0.1288609802722931,0.4666283428668976,-0.8750157952308655,0,-0.15015079081058502,0.8813807964324951,0.4479093849658966,0,0,30.442888259887695,0,1,0.7432050108909607,0.06837093085050583,-0.6655610203742981,0,0.5169810056686401,0.5727720856666565,0.6361309289932251,0,0.4247080385684967,-0.8168579339981079,0.3903411030769348,0,0,18.553098678588867,0,1,0.9006829261779785,-0.01473382581025362,-0.4342271685600281,0,0.36850404739379883,0.5553470253944397,0.7455159425735474,0,0.23016221821308136,-0.8314880132675171,0.5056208968162537,0,0,13.033435821533203,0,1,-0.8897280097007751,0.4082790017127991,-0.20418895781040192,0,-0.3959347903728485,-0.9128209352493286,-0.09996486455202103,0,-0.22720129787921906,-0.008095831610262394,0.9738138914108276,0,-7.257933139801025,-5.273334980010986,5.125103950500488,1,0.9690669775009155,0.19171495735645294,-0.1554189771413803,0,-0.24412597715854645,0.6522037386894226,-0.7176572680473328,0,-0.036220733076334,0.733400285243988,0.6788316965103149,0,0,29.14651870727539,0,1,0.9585760235786438,0.0700070932507515,0.27609899640083313,0,-0.2840700149536133,0.1639314889907837,0.9446858763694763,0,0.020872943103313446,-0.9839848875999451,0.17702849209308624,0,0,18.484560012817383,0,1,0.9284629821777344,-0.012616001069545746,0.3712100088596344,0,-0.3022949993610382,0.5550299882888794,0.7749580144882202,0,-0.21581000089645386,-0.8317350149154663,0.5115110278129578,0,0,12.827351570129395,0,1
K0.100,0.6867790222167969,-0.037585001438856125,0.7258939743041992,0,0.0011980016715824604,0.9987189769744873,0.05057799443602562,0,-0.7268649935722351,-0.033866997808218,0.6859440207481384,0,3.075421094894409,53.68345642089844,-0.9783239960670471,1,0.9968500137329102,0.01686299964785576,-0.07749699801206589,0,-0.006141999736428261,0.9906139969825745,0.13655400276184082,0,0.0790729969739914,-0.1356479972600937,0.9875969886779785,0,0,9.493545532226562,0.1414559930562973,1,0.9920589923858643,-0.021856000646948814,-0.12386000156402588,0,0.04754500091075897,0.9768800139427185,0.20843300223350525,0,0.11644099652767181,-0.21266700327396393,0.9701619744300842,0,0,11.077027320861816,0,1,0.9920589923858643,-0.021856000646948814,-0.12386099994182587,0,0.04754500091075897,0.9768800139427185,0.20843300223350525,0,0.1164420023560524,-0.21266700327396393,0.9701619744300842,0,0,12.659470558166504,0,1,0.9994300007820129,0.0032030001748353243,-0.03360699862241745,0,-0.00891599990427494,0.9851840138435364,-0.17127099633216858,0,0.03255999833345413,0.17147299647331238,0.9846510291099548,0,0,14.241898536682129,0,1,0.9145569801330566,-0.12351799756288528,-0.3851360082626343,0,0.0724330022931099,0.9868509769439697,-0.14449399709701538,0,0.3979189991950989,0.10425099730491638,0.9114779829978943,0,0,12.416603088378906,3.0938169956207275,1,-0.011001000180840492,0.018843000754714012,-0.9997619986534119,0,0.9200770258903503,-0.3913469910621643,-0.017500000074505806,0,-0.39158299565315247,-0.9200500249862671,-0.013031999580562115,0,9.226855278015137,11.951860427856445,0.027851000428199768,1,0.9681280255317688,-0.09702900052070618,0.23089900612831116,0,-0.10498400032520294,0.6797959804534912,0.7258489727973938,0,-0.22739200294017792,-0.726954996585846,0.6479420065879822,0,0,19.284889221191406,0,1,0.44951701164245605,0.890936017036438,-0.06455499678850174,0,-0.8910099864006042,0.4420660138130188,-0.1033409982919693,0,-0.0635330006480217,0.10397200286388397,0.9925490021705627,0,0,25.992307662963867,0,1,0.8995029926300049,-0.04122300073504448,-0.43496501445770264,0,-0.09744200110435486,0.951537013053894,-0.29168900847435,0,0.42590999603271484,0.3047589957714081,0.8518940210342407,0,0,22.46550941467285,0,1,0.8070260286331177,0.5904110074043274,0.011139997281134129,0,-0.530534029006958,0.7166380286216736,0.4527289867401123,0,0.2593129873275757,-0.3712739944458008,0.8915789723396301,0,-4.530734062194824,5.55928897857666,-0.000003999999989900971,1,0.9979739785194397,-0.06236699968576431,0.012567000463604927,0,0.06253000348806381,0.9979590177536011,-0.012986999936401844,0,-0.011730999685823917,0.01374599989503622,0.9998369812965393,0,-0.10375899821519852,5.736414909362793,0,1,0.9825429916381836,0.18599100410938263,0.004100000020116568,0,-0.18599100410938263,0.9825509786605835,-0.0005050000036135316,0,-0.004122000187635422,-0.00026599998818710446,0.9999909996986389,0,-0.44016900658607483,6.811308860778809,0,1,0.990962028503418,0.13239899277687073,0.021578999236226082,0,-0.13387100398540497,0.9863409996032715,0.0959710031747818,0,-0.008577999658882618,-0.09799200296401978,0.9951500296592712,0,0,12.258289337158203,0.10341499745845795,1,0.9995459914207458,0.029722999781370163,0.004844000097364187,0,-0.029789000749588013,0.952252984046936,0.30385398864746094,0,0.004418000113219023,-0.30386099219322205,0.952705979347229,0,0.026504000648856163,8.824207305908203,0,1,0.9988120198249817,0.04871800169348717,0.0008239999879151583,0,-0.04871800169348717,0.9988129734992981,-0.00002300000051036477,0,-0.0008239999879151583,-0.00001700000029813964,1,0,-0.1279660016298294,5.9656500816345215,0,1,0.09641200304031372,-0.02077700011432171,0.9951249957084656,0,-0.9207890033721924,-0.3815059959888458,0.08124499768018723,0,0.3779579997062683,-0.9241330027580261,-0.05591300129890442,0,-9.226855278015137,11.952047348022461,0.040389999747276306,1,0.9476209878921509,0.3064340054988861,-0.09006699919700623,0,-0.18078500032424927,0.7470759749412537,0.6396830081939697,0,0.26330700516700745,-0.5898939967155457,0.7633439898490906,0,0,19.284889221191406,0,1,0.5267019867897034,-0.8498520255088806,0.018341997638344765,0,0.848360002040863,0.5268930196762085,0.05166200175881386,0,-0.05356999859213829,-0.01165000256150961,0.9984959959983826,0,0,25.992311477661133,0,1,0.9385759830474854,-0.18516699969768524,0.2911829948425293,0,0.1562419980764389,0.9804210066795349,0.11984500288963318,0,-0.30767399072647095,-0.06698799878358841,0.9491310119628906,0,0,22.431636810302734,0,1,0.846921980381012,-0.5185030102729797,-0.11780799925327301,0,0.5305759906768799,0.8095899820327759,0.2511039972305298,0,-0.034821998327970505,-0.2751710116863251,0.9607639908790588,0,4.888978004455566,5.557528972625732,-0.000003999999989900971,1,0.9763609766960144,0.2161089926958084,-0.004009999800473452,0,-0.21563899517059326,0.9751740097999573,0.05036100000143051,0,0.014794000424444675,-0.048305001109838486,0.9987229704856873,0,0.3011919856071472,5.913865089416504,0,1,0.9969519972801208,-0.07801800221204758,0.0007469999836757779,0,0.07801800221204758,0.9969519972801208,0.000056000000768108293,0,-0.0007489999989047647,0.000003000000106112566,1,0,0.025519000366330147,6.6395440101623535,0,1,0.9992139935493469,-0.03308599814772606,-0.021841000765562057,0,0.03535199910402298,0.9929450154304504,0.11318200081586838,0,0.017942000180482864,-0.11386500298976898,0.9933339953422546,0,0,12.675665855407715,0.05857999995350838,1,0.9993929862976074,-0.0343099981546402,-0.006072999909520149,0,0.0345349982380867,0.952256977558136,0.30333900451660156,0,-0.004623999819159508,-0.30336400866508484,0.9528629779815674,0,-0.0035210000351071358,8.26400375366211,0,1,0.9999809861183167,-0.0061969999223947525,-0.000014999999621068127,0,0.0061969999223947525,0.9999809861183167,0,0,0.000014999999621068127,0,1,0,0.015468000434339046,6.10585880279541,0,1,-0.9170119762420654,-0.21908099949359894,0.3333060145378113,0,0.3939970135688782,-0.6276440024375916,0.671438992023468,0,0.062098000198602676,0.7470390200614929,0.661873996257782,0,7.257933139801025,-5.273334980010986,-3.083117961883545,1,0.9781609773635864,0.0854950025677681,0.18945300579071045,0,0.14554700255393982,0.36897099018096924,-0.9179739952087402,0,-0.14838500320911407,0.9254999756813049,0.348470002412796,0,0,30.442888259887695,0,1,0.7437120079994202,0.11144199967384338,-0.6591460108757019,0,0.506771981716156,0.5490589737892151,0.6646180152893066,0,0.4359759986400604,-0.8283209800720215,0.3518660068511963,0,0,18.553098678588867,0,1,0.9058359861373901,-0.018636999651789665,-0.4232180118560791,0,0.36026498675346375,0.559473991394043,0.7464569807052612,0,0.22286799550056458,-0.8286380171775818,0.5135059952735901,0,0,13.033435821533203,0,1,-0.884797990322113,0.40674200654029846,-0.2273620069026947,0,-0.42813900113105774,-0.9022089838981628,0.05212099105119705,0,-0.1839279979467392,0.1434590071439743,0.9724149703979492,0,-7.257933139801025,-5.273334980010986,5.125103950500488,1,0.9626259803771973,0.22914400696754456,-0.14437800645828247,0,-0.243586003780365,0.49945899844169617,-0.831387996673584,0,-0.11839699745178223,0.8354840278625488,0.5366089940071106,0,0,29.14651870727539,0,1,0.9636970162391663,0.03542099893093109,0.2646380066871643,0,-0.26662999391555786,0.07567400485277176,0.9608229994773865,0,0.014007000252604485,-0.9965029954910278,0.08237200975418091,0,0,18.484560012817383,0,1,0.929427981376648,-0.01471100002527237,0.368710994720459,0,-0.29869601130485535,0.5567079782485962,0.7751500010490417,0,-0.21666699647903442,-0.8305780291557312,0.5130249857902527,0,0,12.827351570129395,0,1
