0.633,30,18,41
B0,mixamorig_Hips,-1,0.9965254068374634,0.029633592814207077,-0.06742564588785172,0,-0.021574009209871292,0.9926372170448303,0.11865278333425522,0,0.07041992247104645,-0.11639127135276794,0.9899990558624268,0,-0.5995519161224365,55.785186767578125,-2.2233176231384277,1
B1,mixamorig_Spine,0,0.9895226955413818,-0.07803795486688614,-0.10636983811855316,0,0.0993008092045784,0.9672715067863464,0.23108190298080444,0,0.08456722646951675,-0.23857152462005615,0.9652183055877686,0,0,9.493545532226562,0.1414559930562973,1
B2,mixamorig_Spine1,1,0.9988542795181274,0.04518507048487663,-0.008064709603786469,0,-0.045400381088256836,0.997937798500061,-0.041948702186346054,0,0.0060080173425376415,0.042188484221696854,0.998991072177887,0,0,11.077027320861816,0,1
B3,mixamorig_Spine2,2,0.9988972544670105,0.04415545612573624,-0.008204517886042595,0,-0.04438633471727371,0.9979251027107239,-0.04329680651426315,0,0.00612963130697608,0.043534502387046814,0.998932957649231,0,0,12.659470558166504,0,1
B4,mixamorig_Neck,3,0.994638979434967,-0.09581387042999268,0.03833327814936638,0,0.09434547275304794,0.994767963886261,0.038941122591495514,0,-0.04187512770295143,-0.03513176366686821,0.9984822273254395,0,0,14.241898536682129,0,1
B5,mixamorig_Head,4,0.988747775554657,0.06785868108272552,0.1316894143819809,0,-0.016716545447707176,0.9333456754684448,-0.35809415578842163,0,-0.1473320722579956,0.35198840498924255,0.9239546060562134,0,0,12.416603088378906,3.0938169956207275,1
B6,mixamorig_HeadTop_End,5,1,0,0,0,0,1,0,0,0,0,1,0,0,52.19218444824219,13.004611015319824,1
B7,mixamorig_LeftShoulder,3,0.21499045193195343,0.06106135621666908,-0.9746845960617065,0,0.9031286835670471,-0.3921641707420349,0.1746123880147934,0,-0.3715592324733734,-0.9178364276885986,-0.1394934356212616,0,9.226855278015137,11.951860427856445,0.027851000428199768,1
B8,mixamorig_LeftArm,7,0.8733698725700378,-0.1929265856742859,-0.43462860584259033,0,0.45978614687919617,0.5744426250457764,0.668797492980957,0,0.12037581205368042,-0.7926546335220337,0.5974587798118591,0,0,19.284889221191406,0,1
B9,mixamorig_LeftForeArm,8,-0.007613688707351685,0.9961569905281067,-0.006292198318988085,0,-0.9960569739341736,-0.007709839381277561,-0.015400024130940437,0,-0.015505987219512463,0.006149809807538986,0.9998608231544495,0,0,25.992307662963867,0,1
B10,mixamorig_LeftHand,9,0.9716472029685974,-0.12934787571430206,0.17885641753673553,0,0.16829507052898407,0.9599905014038086,-0.21798403561115265,0,-0.14471390843391418,0.23925043642520905,0.9576832056045532,0,0,22.46550941467285,0,1
B11,mixamorig_LeftHandThumb1,10,0.8829449415206909,0.46501320600509644,-0.06326145678758621,0,-0.44033917784690857,0.8674327731132507,0.2308369278907776,0,0.16242051124572754,-0.17592579126358032,0.9708003401756287,0,-4.530734062194824,5.55928897857666,-0.000003999999989900971,1
B12,mixamorig_LeftHandThumb2,11,0.9816712737083435,-0.19048111140727997,0.004529701545834541,0,0.1900082230567932,0.9804524183273315,0.05091318115592003,0,-0.01414146926254034,-0.04911434277892113,0.9986916184425354,0,-0.10375899821519852,5.736414909362793,0,1
B13,mixamorig_LeftHandThumb3,12,0.9888404607772827,0.1489635407924652,-0.00004493144297157414,0,-0.1488654911518097,0.9881793260574341,-0.03655057027935982,0,-0.005401109345257282,0.03615088388323784,0.9993318915367126,0,-0.44016900658607483,6.811308860778809,0,1
B14,mixamorig_LeftHandThumb4,13,1,0,0,0,0,1,0,0,0,0,1,0,0.543927013874054,4.416207790374756,0,1
B15,mixamorig_LeftHandIndex1,10,0.9999628067016602,0.0075004990212619305,-0.004104272462427616,0,-0.007250030525028706,0.998258650302887,0.05799929425120354,0,0.004537990782409906,-0.057967327535152435,0.9982768297195435,0,0,12.258289337158203,0.10341499745845795,1
B16,mixamorig_LeftHandIndex2,15,0.9999451637268066,-0.010411832481622696,-0.0009590688277967274,0,0.010435745120048523,0.9878138899803162,0.15514808893203735,0,-0.0006643456290476024,-0.15514957904815674,0.9878686666488647,0,0.026504000648856163,8.824207305908203,0,1
B17,mixamorig_LeftHandIndex3,16,0.9987116456031799,0.0507250651717186,0.0014724351931363344,0,-0.05074603855609894,0.9984434843063354,0.02288285829126835,0,-0.00030815042555332184,-0.022928351536393166,0.9997316002845764,0,-0.1279660016298294,5.9656500816345215,0,1
B18,mixamorig_LeftHandIndex4,17,1,0,0,0,0,1,0,0,0,0,1,0,0.1014619991183281,3.719062089920044,0,1
B19,mixamorig_RightShoulder,3,0.10610714554786682,-0.02627447433769703,0.9939854145050049,0,-0.9534440636634827,-0.28639495372772217,0.0941992998123169,0,0.2821894586086273,-0.9577445387840271,-0.055461179465055466,0,-9.226855278015137,11.952047348022461,0.040389999747276306,1
B20,mixamorig_RightArm,19,0.8977632522583008,-0.007595881819725037,0.43184778094291687,0,-0.3441042900085449,0.5883715748786926,0.7261641025543213,0,-0.25973203778266907,-0.8061310648918152,0.5309895873069763,0,0,19.284889221191406,0,1
B21,mixamorig_RightForeArm,20,-0.05700286477804184,-0.9931435585021973,0.009071417152881622,0,0.9930527806282043,-0.05714050307869911,-0.015697194263339043,0,0.01627168245613575,0.008114194497466087,0.9998343586921692,0,0,25.992311477661133,0,1
B22,mixamorig_RightHand,21,0.9045097827911377,0.12897171080112457,0.4041922688484192,0,0.011193213053047657,0.9447810053825378,-0.3263475000858307,0,-0.42422202229499817,0.30080562829971313,0.8534906506538391,0,0,22.431636810302734,0,1
B23,mixamorig_RightHandThumb1,22,0.9135271310806274,-0.39447319507598877,0.09889235347509384,0,0.36907365918159485,0.9062897562980652,0.20593352615833282,0,-0.17087888717651367,-0.15165166556835175,0.9735144972801208,0,4.888978004455566,5.557528972625732,-0.000003999999989900971,1
B24,mixamorig_RightHandThumb2,23,0.9910719990730286,0.13171596825122833,0.02066000923514366,0,-0.1314309686422348,0.9912179708480835,-0.0145940026268363,0,-0.022401008754968643,0.011748002842068672,0.9996799826622009,0,0.3011919856071472,5.913865089416504,0,1
B25,mixamorig_RightHandThumb3,24,0.9979100227355957,-0.06203775852918625,0.018091006204485893,0,0.0632920116186142,0.9947929978370667,-0.07987599819898605,0,-0.013041003607213497,0.08085399866104126,0.9966409802436829,0,0.025519000366330147,6.6395440101623535,0,1
B26,mixamorig_RightHandThumb4,25,1,0,0,0,0,1,0,0,0,0,1,0,-0.3267109990119934,4.391520977020264,0,1
B27,mixamorig_RightHandIndex1,22,0.9999610185623169,-0.003793746465817094,0.007992253638803959,0,0.00330400001257658,0.9981690049171448,0.060401998460292816,0,-0.008206999860703945,-0.06037300080060959,0.9981420040130615,0,0,12.675665855407715,0.05857999995350838,1
B28,mixamorig_RightHandIndex2,27,0.9998970031738281,-0.01426625344902277,-0.0017797463806346059,0,0.014178253710269928,0.9579870104789734,0.2864627540111542,0,-0.0023819999769330025,-0.28645798563957214,0.9580900073051453,0,-0.0035210000351071358,8.26400375366211,0,1
B29,mixamorig_RightHandIndex3,28,0.9999690055847168,-0.007861999794840813,-0.00013925365055911243,0,0.00786300003528595,0.9995800256729126,0.027890000492334366,0,-0.00007999999797903001,-0.02789025381207466,0.9996110200881958,0,0.015468000434339046,6.10585880279541,0,1
B30,mixamorig_RightHandIndex4,29,1,0,0,0,0,1,0,0,0,0,1,0,-0.01194700039923191,3.2525739669799805,0,1
B31,mixamorig_LeftUpLeg,0,-0.9929073452949524,0.046300239861011505,0.10265982896089554,0,0.045545145869255066,-0.6652179956436157,0.7441606521606445,0,0.10215342789888382,0.7440676093101501,0.6596658825874329,0,7.257933139801025,-5.273334980010986,-3.083117961883545,1
B32,mixamorig_LeftLeg,31,0.8697836399078369,0.17406611144542694,0.4559386074542999,0,0.2636665105819702,0.6092597246170044,-0.7358863949775696,0,-0.41511788964271545,0.7629578113555908,0.48281750082969666,0,0,30.442888259887695,0,1
B33,mixamorig_LeftFoot,32,0.7291547656059265,0.24122177064418793,-0.6338596343994141,0,0.35050085186958313,0.6642836928367615,0.6565241813659668,0,0.583407461643219,-0.7016061544418335,0.4047303795814514,0,0,18.553098678588867,0,1
B34,mixamorig_LeftToeBase,33,0.9157682657241821,0.015382004901766777,-0.4014091193675995,0,0.32247909903526306,0.5676991939544678,0.7574419379234314,0,0.23953264951705933,-0.8230869770050049,0.5149210095405579,0,0,13.033435821533203,0,1
B35,mixamorig_LeftToe_End,34,1,0,0,0,0,1,0,0,0,0,1,0,0,5.268302917480469,0,1
B36,mixamorig_RightUpLeg,0,-0.9905391335487366,0.13427063822746277,-0.0005283215432427824,0,-0.12418060004711151,-0.9164106845855713,-0.38031166791915894,0,-0.051462333649396896,-0.37645217776298523,0.924604594707489,0,-7.257933139801025,-5.273334980010986,5.125103950500488,1
B37,mixamorig_RightLeg,36,0.9770992994308472,0.002450857777148485,-0.2075643241405487,0,-0.1857336312532425,-0.45870253443717957,-0.8446741104125977,0,-0.10344517976045609,0.8641416430473328,-0.44779977202415466,0,0,29.14651870727539,0,1
B38,mixamorig_RightFoot,37,0.9541187286376953,-0.1899743378162384,0.20744529366493225,0,-0.02726457640528679,0.6846121549606323,0.7068175673484802,0,-0.2906767427921295,-0.6788021922111511,0.6533774137496948,0,0,18.484560012817383,0,1
B39,mixamorig_RightToeBase,38,0.9275146126747131,0.001449940144084394,0.37378495931625366,0,-0.3064253330230713,0.5756179094314575,0.7581339478492737,0,-0.2140580266714096,-0.8177170157432556,0.5343381762504578,0,0,12.827351570129395,9.999999974752427e-7,1
B40,mixamorig_RightToe_End,39,1,0,0,0,0,1,0,0,0,0,1,0,0,5.283959865570068,0,1
@34,0,1,2,3,4,5,7,8,9,10,11,12,13,15,16,17,19,20,21,22,23,24,25,27,28,29,31,32,33,34,36,37,38,39
K0.000,0.9913939833641052,-0.07058999687433243,0.11024700105190277,0,0.05760699883103371,0.9914829730987549,0.11680299788713455,0,-0.11755300313234329,-0.10944700241088867,0.9870169758796692,0,0.7931810021400452,55.992401123046875,-0.9475669860839844,1,0.9650480151176453,0.07853300124406815,-0.2500309944152832,0,-0.00826600007712841,0.9626929759979248,0.2704690098762512,0,0.2619439959526062,-0.2589479982852936,0.9296939969062805,0,0,9.493545532226562,0.1414559930562973,1,0.9992430210113525,0.021136000752449036,-0.032666999846696854,0,-0.023034000769257545,0.998000979423523,-0.05885399878025055,0,0.03135700151324272,0.05956200137734413,0.9977319836616516,0,0,11.077027320861816,0,1,0.9992899894714355,0.018955999985337257,-0.032558001577854156,0,-0.020827999338507652,0.9980909824371338,-0.0581509992480278,0,0.03139299899339676,0.05878699943423271,0.997776985168457,0,0,12.659470558166504,0,1,0.9976379871368408,-0.055911000818014145,0.03989600017666817,0,0.05329800024628639,0.996537983417511,0.06381499767303467,0,-0.0433260016143322,-0.06153799965977669,0.9971640110015869,0,0,14.241898536682129,0,1,0.993232011795044,0.034669000655412674,0.11084800213575363,0,0.004900000058114529,0.9410520195960999,-0.3382270038127899,0,-0.11603999882936478,0.3364810049533844,0.9345129728317261,0,0,12.416603088378906,3.0938169956207275,1,0.14927899837493896,0.045430999249219894,-0.9877510070800781,0,0.9468240141868591,-0.29451999068260193,0.12954799830913544,0,-0.28502699732780457,-0.9545649886131287,-0.08698000013828278,0,9.226855278015137,11.951860427856445,0.027851000428199768,1,0.48030099272727966,-0.2445860058069229,-0.8423110246658325,0,0.8029050230979919,0.5091729760169983,0.30997899174690247,0,0.35306599736213684,-0.8251789808273315,0.44093599915504456,0,0,19.284889221191406,0,1,0.3024140000343323,0.9531760215759277,-0.0014990000054240227,0,-0.9530799984931946,0.30235999822616577,-0.01473500020802021,0,-0.013592000119388103,0.005884000100195408,0.9998900294303894,0,0,25.992307662963867,0,1,0.997484028339386,-0.061246998608112335,-0.035711001604795456,0,0.062449999153614044,0.9974830150604248,0.03358300030231476,0,0.0335640013217926,-0.035728998482227325,0.9987980127334595,0,0,22.46550941467285,0,1,0.8768630027770996,0.4783309996128082,-0.04806999862194061,0,-0.45005500316619873,0.8519309759140015,0.26770201325416565,0,0.1690019965171814,-0.2131039947271347,0.962302029132843,0,-4.530734062194824,5.55928897857666,-0.000003999999989900971,1,0.9810490012168884,-0.193681001663208,0.00545400008559227,0,0.19314999878406525,0.9798150062561035,0.05153600126504898,0,-0.015324999578297138,-0.04950600117444992,0.9986559748649597,0,-0.10375899821519852,5.736414909362793,0,1,0.989080011844635,0.14737699925899506,0.0005389999714680016,0,-0.14726099371910095,0.9884300231933594,-0.03633100166916847,0,-0.005886999890208244,0.0358549989759922,0.9993399977684021,0,-0.44016900658607483,6.811308860778809,0,1,0.9999169707298279,0.012384999543428421,-0.0035250000655651093,0,-0.011909999884665012,0.9935960173606873,0.11236000061035156,0,0.0048940000124275684,-0.11230900138616562,0.9936609864234924,0,0,12.258289337158203,0.10341499745845795,1,0.9999859929084778,-0.0050940001383423805,-0.0012379999971017241,0,0.005239999853074551,0.9771620035171509,0.21243199706077576,0,0.00012799999967683107,-0.2124360054731369,0.9771749973297119,0,0.026504000648856163,8.824207305908203,0,1,0.9985780119895935,0.053254999220371246,0.0023620000574737787,0,-0.05330599844455719,0.997223973274231,0.051993001252412796,0,0.0004130000015720725,-0.05204499885439873,0.998645007610321,0,-0.1279660016298294,5.9656500816345215,0,1,0.08860400319099426,-0.024312999099493027,0.9957699775695801,0,-0.9532759785652161,-0.29194000363349915,0.07769399881362915,0,0.28881600499153137,-0.9561269879341125,-0.04904400184750557,0,-9.226855278015137,11.952047348022461,0.040389999747276306,1,0.9585009813308716,-0.2126999944448471,-0.1898290067911148,0,0.28446799516677856,0.7575240135192871,0.5875679850578308,0,0.018825000151991844,-0.6171839833259583,0.7865930199623108,0,0,19.284889221191406,0,1,-0.042468998581171036,-0.9990590214729309,0.008841999806463718,0,0.9989669919013977,-0.04260500147938728,-0.015791000798344612,0,0.016152000054717064,0.008162000216543674,0.9998360276222229,0,0,25.992311477661133,0,1,0.9961190223693848,-0.03729100152850151,-0.07972899824380875,0,0.005284999962896109,0.9295200109481812,-0.3687329888343811,0,0.08786000311374664,0.36688101291656494,0.926110029220581,0,0,22.431636810302734,0,1,0.9405249953269958,-0.30453699827194214,0.15056300163269043,0,0.27572399377822876,0.9431909918785095,0.18538199365139008,0,-0.1984660029411316,-0.13284200429916382,0.9710630178451538,0,4.888978004455566,5.557528972625732,-0.000003999999989900971,1,0.9909399747848511,0.132764995098114,0.02026600018143654,0,-0.13248799741268158,0.9910789728164673,-0.014453000389039516,0,-0.02200400084257126,0.011637000367045403,0.9996899962425232,0,0.3011919856071472,5.913865089416504,0,1,0.99794602394104,-0.061514999717473984,0.017875999212265015,0,0.06275299936532974,0.9948319792747498,-0.07981599867343903,0,-0.012873999774456024,0.08077400177717209,0.9966490268707275,0,0.025519000366330147,6.6395440101623535,0,1,0.9999610185623169,-0.0037930000107735395,0.007992000319063663,0,0.00330400001257658,0.9981690049171448,0.060401998460292816,0,-0.008206999860703945,-0.06037300080060959,0.9981420040130615,0,0,12.675665855407715,0.05857999995350838,1,0.9998970031738281,-0.014266000129282475,-0.0017790000420063734,0,0.014178000390529633,0.9579870104789734,0.2864620089530945,0,-0.0023819999769330025,-0.28645798563957214,0.9580900073051453,0,-0.0035210000351071358,8.26400375366211,0,1,0.9999690055847168,-0.007861999794840813,-0.00014000000373926014,0,0.00786300003528595,0.9995800256729126,0.027890000492334366,0,-0.00007999999797903001,-0.027891000732779503,0.9996110200881958,0,0.015468000434339046,6.10585880279541,0,1,-0.951000988483429,-0.18941600620746613,0.24437500536441803,0,0.29848700761795044,-0.7685840129852295,0.5658479928970337,0,0.08064199984073639,0.6110649704933167,0.7874619960784912,0,7.257933139801025,-5.273334980010986,-3.083117961883545,1,0.8475499749183655,0.3774160146713257,-0.37311699986457825,0,0.13605299592018127,-0.8340659737586975,-0.5346249938011169,0,-0.5129799842834473,0.4023579955101013,-0.7582610249519348,0,0,30.442888259887695,0,1,0.7781199812889099,0.3067080080509186,-0.5481420159339905,0,0.415336012840271,0.4034160077571869,0.815322995185852,0,0.4711959958076477,-0.8620820045471191,0.18651899695396423,0,0,18.553098678588867,0,1,0.9176499843597412,0,-0.3973889946937561,0,0.3215939998626709,0.5874390006065369,0.7426249980926514,0,0.23344199359416962,-0.8092679977416992,0.5390639901161194,0,0,13.033435821533203,0,1,-0.9968699812889099,0.037376999855041504,-0.06967200338840485,0,-0.02776399999856949,-0.9905710220336914,-0.13415999710559845,0,-0.07402899861335754,-0.13180600106716156,0.9885069727897644,0,-7.257933139801025,-5.273334980010986,5.125103950500488,1,0.9469000101089478,0.30985701084136963,0.08584100008010864,0,-0.1624400019645691,0.6914229989051819,-0.7039520144462585,0,-0.2774769961833954,0.6526280045509338,0.7050409913063049,0,0,29.14651870727539,0,1,0.8705199956893921,-0.4462440013885498,0.20751400291919708,0,0.005071999970823526,0.4297749996185303,0.9029219746589661,0,-0.49210700392723083,-0.7849590182304382,0.3763909935951233,0,0,18.484560012817383,0,1,0.8810309767723083,-0.2934049963951111,0.37107598781585693,0,-0.34193599224090576,0.14708100259304047,0.9281420111656189,0,-0.326898992061615,-0.9446060061454773,0.029256999492645264,0,0,12.827351570129395,0,1
K0.033,0.9928950071334839,-0.06541575491428375,0.09939994663000107,0,0.05365771800279617,0.9917199611663818,0.11667444556951523,0,-0.106208935379982,-0.11051147431135178,0.9881839156150818,0,0.6382198333740234,55.20357894897461,0.7675763368606567,1,0.9549839496612549,0.058183588087558746,-0.2908962666988373,0,0.00030514216632582247,0.9803841710090637,0.19709399342536926,0,0.2966582179069519,-0.18831107020378113,0.9362330436706543,0,0,9.493545532226562,0.1414559930562973,1,0.9991750121116638,0.01917089708149433,-0.03581401705741882,0,-0.02041688747704029,0.9991869926452637,-0.03475574404001236,0,0.03511802479624748,0.03545773774385452,0.9987540245056152,0,0,11.077027320861816,0,1,0.9992210268974304,0.016925906762480736,-0.035639021545648575,0,-0.018185898661613464,0.999210000038147,-0.03533175215125084,0,0.03501302748918533,0.035952746868133545,0.998740017414093,0,0,12.659470558166504,0,1,0.997310996055603,-0.05364596098661423,0.049935076385736465,0,0.049107957631349564,0.9949049949645996,0.08804890513420105,0,-0.05440507084131241,-0.08535990118980408,0.9948639869689941,0,0,14.241898536682129,0,1,0.9848289489746094,0.047660037875175476,0.16685737669467926,0,0.0058540236204862595,0.9518730640411377,-0.3064357340335846,0,-0.1734313666820526,0.3027637302875519,0.9371529817581177,0,0,12.416603088378906,3.0938169956207275,1,0.14456097781658173,0.044019993394613266,-0.9885159730911255,0,0.9521510004997253,-0.2780549228191376,0.12685997784137726,0,-0.2692779004573822,-0.959555983543396,-0.0821099802851677,0,9.226855278015137,11.951860427856445,0.027851000428199768,1,0.36893603205680847,-0.3289024233818054,-0.8693158030509949,0,0.8573400974273682,0.4816417396068573,0.1816270351409912,0,0.3589615821838379,-0.8123080134391785,0.4596763253211975,0,0,19.284889221191406,0,1,0.14747285842895508,0.9890580177307129,-0.0038940024096518755,0,-0.988959014415741,0.14739784598350525,-0.015290999785065651,0,-0.01454900112003088,0.006105999927967787,0.9998760223388672,0,0,25.992307662963867,0,1,0.9905219674110413,-0.13294309377670288,0.0345245823264122,0,0.12972606718540192,0.9880779981613159,0.08290272951126099,0,-0.045134544372558594,-0.0776386484503746,0.9959589838981628,0,0,22.46550941467285,0,1,0.8726818561553955,0.48588916659355164,-0.048364005982875824,0,-0.4574541449546814,0.84819096326828,0.26703599095344543,0,0.17077204585075378,-0.21091295778751373,0.9624720215797424,0,-4.530734062194824,5.55928897857666,-0.000003999999989900971,1,0.9832810759544373,-0.18208274245262146,0.0020999242551624775,0,0.18175974488258362,0.9821070432662964,0.04928795248270035,0,-0.011036905460059643,-0.04808196797966957,0.9987819790840149,0,-0.10375899821519852,5.736414909362793,0,1,0.9882060289382935,0.153124138712883,-0.0015770472818985581,0,-0.15307612717151642,0.9875169992446899,-0.03712501749396324,0,-0.004127960652112961,0.036928027868270874,0.9993090033531189,0,-0.44016900658607483,6.811308860778809,0,1,0.9999020099639893,0.013602995313704014,-0.0033370007295161486,0,-0.01307399570941925,0.9919530153274536,0.1259329468011856,0,0.005023999605327845,-0.12587693333625793,0.9920330047607422,0,0,12.258289337158203,0.10341499745845795,1,0.9999920129776001,-0.003845004830509424,-0.001257999916560948,0,0.004029004834592342,0.9741730093955994,0.22576794028282166,0,0.000356999080395326,-0.22577093541622162,0.9741799831390381,0,0.026504000648856163,8.824207305908203,0,1,0.9985460042953491,0.05384499579668045,0.00258199917152524,0,-0.053902994841337204,0.9968129992485046,0.05881297215819359,0,0.0005929992767050862,-0.05886697396636009,0.9982659816741943,0,-0.1279660016298294,5.9656500816345215,0,1,0.07809195667505264,-0.02242199145257473,0.996694028377533,0,-0.9586489796638489,-0.276125967502594,0.06889896094799042,0,0.27366796135902405,-0.960860013961792,-0.04305797815322876,0,-9.226855278015137,11.952047348022461,0.040389999747276306,1,0.9674510955810547,-0.2023138552904129,-0.15201328694820404,0,0.2529304623603821,0.7922279238700867,0.5553383231163025,0,0.008076450787484646,-0.5757111310958862,0.817612886428833,0,0,19.284889221191406,0,1,-0.3758305013179779,-0.9265812039375305,0.014111023396253586,0,0.9264962077140808,-0.3760184943675995,-0.014644987881183624,0,0.018876012414693832,0.00756999384611845,0.9997929930686951,0,0,25.992311477661133,0,1,0.9387911558151245,0.3300991952419281,0.09851454198360443,0,-0.2835358679294586,0.9028387665748596,-0.32324880361557007,0,-0.19564661383628845,0.2755298912525177,0.9411717653274536,0,0,22.431636810302734,0,1,0.9500430822372437,-0.26669278740882874,0.1621500551700592,0,0.23526977002620697,0.9532880783081055,0.18944604694843292,0,-0.20510002970695496,-0.1418330818414688,0.9684100151062012,0,4.888978004455566,5.557528972625732,-0.000003999999989900971,1,0.9913470149040222,0.12951286137104034,0.021411055698990822,0,-0.12921187281608582,0.9915050268173218,-0.014891018159687519,0,-0.023158056661486626,0.011996014975011349,0.9996600151062012,0,0.3011919856071472,5.913865089416504,0,1,0.9978330135345459,-0.06313506513834,0.01850302889943123,0,0.06442107260227203,0.9947109818458557,-0.08000500500202179,0,-0.013354022987186909,0.08102300763130188,0.9966229796409607,0,0.025519000366330147,6.6395440101623535,0,1,0.9999610185623169,-0.003794000018388033,0.007992000319063663,0,0.00330400001257658,0.9981690049171448,0.060401998460292816,0,-0.008206999860703945,-0.06037300080060959,0.9981420040130615,0,0,12.675665855407715,0.05857999995350838,1,0.9998970031738281,-0.014267000369727612,-0.0017790000420063734,0,0.014178000390529633,0.9579870104789734,0.2864620089530945,0,-0.0023819999769330025,-0.28645798563957214,0.9580900073051453,0,-0.0035210000351071358,8.26400375366211,0,1,0.9999690055847168,-0.007861999794840813,-0.00014000000373926014,0,0.00786300003528595,0.9995800256729126,0.027890000492334366,0,-0.00007900000491645187,-0.027891000732779503,0.9996110200881958,0,0.015468000434339046,6.10585880279541,0,1,-0.966092050075531,-0.19065216183662415,0.17411945760250092,0,0.24940450489521027,-0.5145820379257202,0.8203666806221008,0,-0.06680665910243988,0.8359764814376831,0.5446840524673462,0,7.257933139801025,-5.273334980010986,-3.083117961883545,1,0.8551967144012451,0.510698139667511,-0.08846390247344971,0,0.2200898826122284,-0.51234370470047,-0.8300982117652893,0,-0.4692540466785431,0.6904265880584717,-0.5505537986755371,0,0,30.442888259887695,0,1,0.7158771753311157,0.3582913875579834,-0.5992881059646606,0,0.25555258989334106,0.6642968654632568,0.7024258971214294,0,0.6497785449028015,-0.6560004353523254,0.383992999792099,0,0,18.553098678588867,0,1,0.9176669716835022,-0.00013698464317712933,-0.3973509967327118,0,0.3215869963169098,0.5876139998435974,0.7424899935722351,0,0.23338699340820312,-0.809141993522644,0.539277970790863,0,0,13.033435821533203,0,1,-0.9970470070838928,0.06618936359882355,-0.03894392028450966,0,-0.04552130773663521,-0.9177906513214111,-0.3944467008113861,0,-0.0618511326611042,-0.39150869846343994,0.918092668056488,0,-7.257933139801025,-5.273334980010986,5.125103950500488,1,0.9505802392959595,0.2352072298526764,0.2026704102754593,0,-0.13462048768997192,0.9004499912261963,-0.4136020839214325,0,-0.2797771692276001,0.3658783435821533,0.8876140713691711,0,0,29.14651870727539,0,1,0.9713289141654968,-0.03152455389499664,0.23563912510871887,0,-0.08683757483959198,0.875636637210846,0.47509968280792236,0,-0.22131165862083435,-0.4819398820400238,0.8477941155433655,0,0,18.484560012817383,0,1,0.8422808647155762,-0.4009498059749603,0.3602790832519531,0,-0.347055584192276,0.10804291814565659,0.9315990805625916,0,-0.4124509394168854,-0.9097039103507996,-0.048148881644010544,0,0,12.827351570129395,0,1
K0.067,0.994687020778656,-0.041197240352630615,0.09434705227613449,0,0.02552327886223793,0.9865120649337769,0.16168555617332458,0,-0.09973606467247009,-0.15841852128505707,0.9823220372200012,0,0.22270312905311584,55.98966598510742,0.20140662789344788,1,0.948015034198761,0.01670641079545021,-0.31778573989868164,0,0.01451385859400034,0.9953118562698364,0.09562300890684128,0,0.3178938031196594,-0.09526492655277252,0.9433279633522034,0,0,9.493545532226562,0.1414559930562973,1,0.9992489814758301,0.008871102705597878,-0.03772598132491112,0,-0.009223110973834991,0.9999150037765503,-0.00916825421154499,0,0.0376419723033905,0.009509257972240448,0.9992460012435913,0,0,11.077027320861816,0,1,0.9992579817771912,0.007652092259377241,-0.037744976580142975,0,-0.008054100908339024,0.9999120235443115,-0.010509246960282326,0,0.03766097500920296,0.010805249214172363,0.9992319941520691,0,0,12.659470558166504,0,1,0.9970830082893372,-0.049767035990953445,0.057865921407938004,0,0.04515404254198074,0.9958950281143188,0.07845209538936615,0,-0.06153292953968048,-0.07561109960079193,0.9952369928359985,0,0,14.241898536682129,0,1,0.9775170683860779,0.05125696212053299,0.20453062653541565,0,0.008229976519942284,0.9599899649620056,-0.2799122631549835,0,-0.21069562435150146,0.2753022611141205,0.9379850029945374,0,0,12.416603088378906,3.0938169956207275,1,0.14260001480579376,0.043379008769989014,-0.9888290166854858,0,0.955033004283905,-0.2684181034564972,0.12595102190971375,0,-0.25995609164237976,-0.9623249769210815,-0.07970502227544785,0,9.226855278015137,11.951860427856445,0.027851000428199768,1,0.37291696667671204,-0.36976659297943115,-0.8510021567344666,0,0.8715859055519104,0.45416027307510376,0.18460096418857574,0,0.3182324171066284,-0.810562014579773,0.4916476607322693,0,0,19.284889221191406,0,1,0.1320401430130005,0.9912359714508057,-0.004132997710257769,0,-0.9911360144615173,0.1319621503353119,-0.015324000269174576,0,-0.014643998816609383,0.006120000034570694,0.9998739957809448,0,0,25.992307662963867,0,1,0.9855890870094299,-0.14163491129875183,0.09249042719602585,0,0.13684292137622833,0.9889929890632629,0.05628226324915886,0,-0.0994434654712677,-0.04281434789299965,0.9941220283508301,0,0,22.46550941467285,0,1,0.8631411194801331,0.5025748014450073,-0.04904099181294441,0,-0.4738008379936218,0.8396360874176025,0.2655630111694336,0,0.174641951918602,-0.20598304271697998,0.9628450274467468,0,-4.530734062194824,5.55928897857666,-0.000003999999989900971,1,0.9877099394798279,-0.15620125830173492,-0.005457925144582987,0,0.1562882512807846,0.9867119193077087,0.04442504793405533,0,-0.0015540942549705505,-0.04473203420639038,0.9989979863166809,0,-0.10375899821519852,5.736414909362793,0,1,0.9861249923706055,0.16588686406612396,-0.006301952991634607,0,-0.16600586473941803,0.9853590130805969,-0.03884698078036308,0,-0.0002340387145522982,0.039353977888822556,0.9992250204086304,0,-0.44016900658607483,6.811308860778809,0,1,0.9999079704284668,0.013124004937708378,-0.003412999212741852,0,-0.012617005035281181,0.9926210045814514,0.12059704959392548,0,0.004971000365912914,-0.12054305523633957,0.9926959872245789,0,0,12.258289337158203,0.10341499745845795,1,0.9999899864196777,-0.004335995297878981,-0.0012520001037046313,0,0.004505995195358992,0.9753710031509399,0.22052304446697235,0,0.0002650009118951857,-0.22052603960037231,0.9753810167312622,0,0.026504000648856163,8.824207305908203,0,1,0.9985589981079102,0.053613003343343735,0.0024950008373707533,0,-0.053668003529310226,0.9969800114631653,0.05612802505493164,0,0.000522000715136528,-0.05618102476000786,0.998420000076294,0,-0.1279660016298294,5.9656500816345215,0,1,0.07347604632377625,-0.02154701016843319,0.9970639944076538,0,-0.95973801612854,-0.27331703901290894,0.06481803953647614,0,0.27111801505088806,-0.9616829752922058,-0.04076202213764191,0,-9.226855278015137,11.952047348022461,0.040389999747276306,1,0.9788779020309448,-0.1879301518201828,-0.08049871027469635,0,0.19901153445243835,0.7857090830802917,0.5857096910476685,0,-0.04682345688343048,-0.5893588662147522,0.8065131306648254,0,0,19.284889221191406,0,1,-0.5254805088043213,-0.8506457805633545,0.01647697575390339,0,0.8505677580833435,-0.5256935358047485,-0.013445012271404266,0,0.020098986104130745,0.006950005888938904,0.9997739791870117,0,0,25.992311477661133,0,1,0.8576298356056213,0.4481068253517151,0.252332478761673,0,-0.37052714824676514,0.878677248954773,-0.30105721950531006,0,-0.35662439465522766,0.16470010578632355,0.9196152091026306,0,0,22.431636810302734,0,1,0.9547299146652222,-0.24588720500469208,0.16742494702339172,0,0.21272821724414825,0.9577549695968628,0.19352595508098602,0,-0.20793797075748444,-0.14914892613887787,0.9667040109634399,0,4.888978004455566,5.557528972625732,-0.000003999999989900971,1,0.9929320216178894,0.11559314280748367,0.02690594643354416,0,-0.11517313867807388,0.9932050108909607,-0.016682980582118034,0,-0.028651945292949677,0.013465984724462032,0.9994990229606628,0,0.3011919856071472,5.913865089416504,0,1,0.9973120093345642,-0.07005193084478378,0.021477969363331795,0,0.07156992703676224,0.9941610097885132,-0.08075999468564987,0,-0.015694977715611458,0.08207999169826508,0.9965019822120667,0,0.025519000366330147,6.6395440101623535,0,1,0.9999610185623169,-0.003794000018388033,0.007992000319063663,0,0.00330400001257658,0.9981690049171448,0.060401998460292816,0,-0.008206999860703945,-0.06037300080060959,0.9981420040130615,0,0,12.675665855407715,0.05857999995350838,1,0.9998970031738281,-0.014267000369727612,-0.0017790000420063734,0,0.014178000390529633,0.9579870104789734,0.2864629924297333,0,-0.0023819999769330025,-0.28645798563957214,0.9580900073051453,0,-0.0035210000351071358,8.26400375366211,0,1,0.9999690055847168,-0.007861999794840813,-0.00014000000373926014,0,0.00786300003528595,0.9995800256729126,0.027891000732779503,0,-0.0000799999907030724,-0.027891000732779503,0.9996110200881958,0,0.015468000434339046,6.10585880279541,0,1,-0.9708489179611206,-0.20685984194278717,0.12108452618122101,0,0.1999014914035797,-0.4200339615345001,0.8852183222770691,0,-0.13225634396076202,0.8836175203323364,0.4491409659385681,0,7.257933139801025,-5.273334980010986,-3.083117961883545,1,0.8251193165779114,0.5196869373321533,0.22159191966056824,0,0.3073301315307617,-0.08377125859260559,-0.9479078054428101,0,-0.47405293583869934,0.8502383828163147,-0.22883620858192444,0,0,30.442888259887695,0,1,0.7332327961921692,0.29509562253952026,-0.6126068830490112,0,0.3147624135017395,0.6512880921363831,0.6904700994491577,0,0.6027384996414185,-0.6991015672683716,0.3846609890460968,0,0,18.553098678588867,0,1,0.9174820184707642,0.0013979848008602858,-0.39777401089668274,0,0.32166799902915955,0.585657000541687,0.7439990043640137,0,0.23399899899959564,-0.810558021068573,0.5368810296058655,0,0,13.033435821533203,0,1,-0.9942309856414795,0.10261863470077515,-0.031209075823426247,0,-0.07638069242238998,-0.8816453814506531,-0.4656892716884613,0,-0.07530386745929718,-0.4606193006038666,0.8843973278999329,0,-7.257933139801025,-5.273334980010986,5.125103950500488,1,0.9769287705421448,0.15815076231956482,0.1435195803642273,0,-0.08375150710344315,0.9018970131874084,-0.42375391721725464,0,-0.19645683467388153,0.401957631111145,0.8943349123001099,0,0,29.14651870727539,0,1,0.9658280611038208,0.21302057802677155,0.14763988554477692,0,-0.24406543374061584,0.9392083287239075,0.2414943277835846,0,-0.08722133189439774,-0.26927512884140015,0.9591048955917358,0,0,18.484560012817383,0,1,0.9294360876083374,0.020094813778996468,0.3684339225292206,0,-0.30613142251968384,0.5994310975074768,0.739569902420044,0,-0.20599006116390228,-0.8001720905303955,0.5632839202880859,0,0,12.827351570129395,0,1
K0.100,0.9946799874305725,-0.042729999870061874,0.09373699873685837,0,0.02521600015461445,0.9832280278205872,0.1806260049343109,0,-0.09988299757242203,-0.17730200290679932,0.979075014591217,0,-0.0653349831700325,57.018943786621094,-0.7402459383010864,1,0.9435089826583862,0.020323999226093292,-0.33072400093078613,0,0.0006540006143040955,0.998000979423523,0.06319600343704224,0,0.3313469886779785,-0.059842001646757126,0.9416090250015259,0,0,9.493545532226562,0.1414559930562973,1,0.9992550015449524,-0.0036469995975494385,-0.03842499852180481,0,0.0036889994516968727,0.9999930262565613,0.0010209995089098811,0,0.03842100128531456,-0.0011619995348155499,0.9992610216140747,0,0,11.077027320861816,0,1,0.9992600083351135,-0.003531999420374632,-0.03829199820756912,0,0.00357999955303967,0.9999930262565613,0.001172999502159655,0,0.038286998867988586,-0.0013089993735775352,0.9992660284042358,0,0,12.659470558166504,0,1,0.9967569708824158,-0.05196100100874901,0.061448998749256134,0,0.04889899864792824,0.997534990310669,0.050321001559495926,0,-0.06391199678182602,-0.04715299978852272,0.9968410134315491,0,0,14.241898536682129,0,1,0.9746990203857422,0.057342998683452606,0.21604299545288086,0,0.00484299985691905,0.9608889818191528,-0.2768920063972473,0,-0.223471000790596,0.27093198895454407,0.9362990260124207,0,0,12.416603088378906,3.0938169956207275,1,0.15387199819087982,0.04640199989080429,-0.9870010018348694,0,0.9475029706954956,-0.2902829945087433,0.13406699895858765,0,-0.2802880108356476,-0.9558150172233582,-0.08863300085067749,0,9.226855278015137,11.951860427856445,0.027851000428199768,1,0.4874059855937958,-0.3760190010070801,-0.7880640029907227,0,0.8394539952278137,0.4501810073852539,0.304390013217926,0,0.2403150051832199,-0.8099049925804138,0.5350720286369324,0,0,19.284889221191406,0,1,0.2135930061340332,0.9769189953804016,-0.0028719999827444553,0,-0.9768199920654297,0.21352699398994446,-0.015103000216186047,0,-0.014140999875962734,0.006031000055372715,0.9998819828033447,0,0,25.992307662963867,0,1,0.9912999868392944,-0.05769900232553482,0.11830200254917145,0,0.06621800363063812,0.995389997959137,-0.06938399374485016,0,-0.11375299841165543,0.07661399245262146,0.9905509948730469,0,0,22.46550941467285,0,1,0.8561090230941772,0.5144150257110596,-0.049543000757694244,0,-0.4854089915752411,0.8333119750022888,0.2645159959793091,0,0.17735600471496582,-0.20240600407123566,0.9631080031394958,0,-4.530734062194824,5.55928897857666,-0.000003999999989900971,1,0.9904260039329529,-0.13760800659656525,-0.010950000025331974,0,0.1379459947347641,0.9895880222320557,0.041060999035835266,0,0.005184999667108059,-0.04217800125479698,0.9990969896316528,0,-0.10375899821519852,5.736414909362793,0,1,0.9845200181007385,0.17500600218772888,-0.009700999595224857,0,-0.17525599896907806,0.9837080240249634,-0.040042001754045486,0,0.002534999744966626,0.04112299904227257,0.9991509914398193,0,-0.44016900658607483,6.811308860778809,0,1,0.9999290108680725,0.011369000189006329,-0.003667999990284443,0,-0.010940000414848328,0.9948220252990723,0.10104700177907944,0,0.0047980002127587795,-0.10099899768829346,0.9948750138282776,0,0,12.258289337158203,0.10341499745845795,1,0.9999809861183167,-0.006120000034570694,-0.00120900000911206,0,0.006238000001758337,0.9794809818267822,0.20144200325012207,0,-0.000048999983846442774,-0.20144499838352203,0.9794999957084656,0,0.026504000648856163,8.824207305908203,0,1,0.9986039996147156,0.052769001573324203,0.002185000106692314,0,-0.052813999354839325,0.997527003288269,0.04638399928808212,0,0.0002680000034160912,-0.046434998512268066,0.9989209771156311,0,-0.1279660016298294,5.9656500816345215,0,1,0.07966700196266174,-0.02252900041639805,0.9965670108795166,0,-0.9589009881019592,-0.2748570144176483,0.07044299691915512,0,0.2723259925842285,-0.9612209796905518,-0.04349999874830246,0,-9.226855278015137,11.952047348022461,0.040389999747276306,1,0.9821640253067017,-0.18727700412273407,0.01674799621105194,0,0.12818999588489532,0.7321169972419739,0.6690080165863037,0,-0.13755099475383759,-0.654928982257843,0.7430660128593445,0,0,19.284889221191406,0,1,-0.49498599767684937,-0.8687540292739868,0.015994999557733536,0,0.8686739802360535,-0.4951930046081543,-0.013731000013649464,0,0.019850000739097595,0.007096999790519476,0.9997779726982117,0,0,25.992311477661133,0,1,0.8738830089569092,0.4041360020637512,0.27018800377845764,0,-0.3150179982185364,0.8940709829330444,-0.31843599677085876,0,-0.37025898694992065,0.1931619942188263,0.908623993396759,0,0,22.431636810302734,0,1,0.9511139988899231,-0.26398900151252747,0.16028499603271484,0,0.23097899556159973,0.9525480270385742,0.19824300706386566,0,-0.20501300692558289,-0.151528999209404,0.9669579863548279,0,4.888978004455566,5.557528972625732,-0.000003999999989900971,1,0.9946510195732117,0.10009799897670746,0.02548299916088581,0,-0.09962300211191177,0.9948390126228333,-0.01927500031888485,0,-0.02728099934756756,0.01663300022482872,0.9994890093803406,0,0.3011919856071472,5.913865089416504,0,1,0.9967430233955383,-0.07785099744796753,0.021018000319600105,0,0.07932599633932114,0.9934629797935486,-0.08208899945020676,0,-0.01448999997228384,0.08348900079727173,0.9964029788970947,0,0.025519000366330147,6.6395440101623535,0,1,0.9999610185623169,-0.003794000018388033,0.007992000319063663,0,0.00330400001257658,0.9981690049171448,0.060401998460292816,0,-0.008206999860703945,-0.060373999178409576,0.9981420040130615,0,0,12.675665855407715,0.05857999995350838,1,0.9998970031738281,-0.014266000129282475,-0.0017790000420063734,0,0.014178000390529633,0.9579870104789734,0.2864620089530945,0,-0.0023819999769330025,-0.28645798563957214,0.9580900073051453,0,-0.0035210000351071358,8.26400375366211,0,1,0.9999690055847168,-0.007861999794840813,-0.00014000000373926014,0,0.00786300003528595,0.9995800256729126,0.027890000492334366,0,-0.00007999999797903001,-0.027891000732779503,0.9996110200881958,0,0.015468000434339046,6.10585880279541,0,1,-0.9718769788742065,-0.21189400553703308,0.10274200141429901,0,0.1914529949426651,-0.45693498849868774,0.8686519861221313,0,-0.13711600005626678,0.8638929724693298,0.48465201258659363,0,7.257933139801025,-5.273334980010986,-3.083117961883545,1,0.8217489719390869,0.34038498997688293,0.4570179879665375,0,0.3188149929046631,0.39011797308921814,-0.8638089895248413,0,-0.47231900691986084,0.855538010597229,0.21205899119377136,0,0,30.442888259887695,0,1,0.7440840005874634,0.1729310005903244,-0.645317018032074,0,0.42827099561691284,0.617883026599884,0.6593980193138123,0,0.5127609968185425,-0.7670180201530457,0.3856950104236603,0,0,18.553098678588867,0,1,0.91730797290802,0.002841999987140298,-0.39816799759864807,0,0.32174599170684814,0.5838130116462708,0.7454140186309814,0,0.23457400500774384,-0.8118829727172852,0.5346220135688782,0,0,13.033435821533203,0,1,-0.9905629754066467,0.1330839991569519,-0.03275800123810768,0,-0.10307300090789795,-0.8808950185775757,-0.46195200085639954,0,-0.09033499658107758,-0.45421600341796875,0.8863000273704529,0,-7.257933139801025,-5.273334980010986,5.125103950500488,1,0.9563599824905396,0.24292999505996704,0.1623609960079193,0,-0.07006199657917023,0.7301110029220581,-0.6797279715538025,0,-0.28366801142692566,0.6386889815330505,0.7152680158615112,0,0,29.14651870727539,0,1,0.9631419777870178,0.1775670051574707,0.20205800235271454,0,-0.23041599988937378,0.9322080016136169,0.27910101413726807,0,-0.1388009935617447,-0.3153719902038574,0.9387630224227905,0,0,18.484560012817383,0,1,0.9268829822540283,-0.004418998956680298,0.3753249943256378,0,-0.3065679967403412,0.5680369734764099,0.7637730240821838,0,-0.21657399833202362,-0.8229910135269165,0.5251489877700806,0,0,12.827351570129395,0,1
