1.400,30,41,41
B0,mixamorig_Hips,-1,0.99451744556427,0.000657548604067415,-0.10438573360443115,0,0.015786003321409225,0.9875168204307556,0.15664538741111755,0,0.10318521410226822,-0.1574186384677887,0.9821178317070007,0,3.584249496459961,53.903343200683594,-0.7362654209136963,1
B1,mixamorig_Spine,0,0.9978886246681213,0.054927095770835876,0.03440742939710617,0,-0.05940449237823486,0.9874030947685242,0.14664965867996216,0,-0.02591896802186966,-0.14838522672653198,0.9885812401771545,0,0,9.493545532226562,0.1414559930562973,1
B2,mixamorig_Spine1,1,0.9956438541412354,0.03488616645336151,0.08602222055196762,0,-0.05311645567417145,0.9741305112838745,0.21958020329475403,0,-0.07612676173448563,-0.2232358455657959,0.9717614650726318,0,0,11.077027320861816,0,1
B3,mixamorig_Spine2,2,0.9956710338592529,0.03450106084346771,0.08586462587118149,0,-0.05271993204951286,0.9741086363792419,0.21977202594280243,0,-0.07604922354221344,-0.22338950634002686,0.9717323184013367,0,0,12.659470558166504,0,1
B4,mixamorig_Neck,3,0.9999042749404907,0.007667663041502237,-0.010787413455545902,0,-0.00948301237076521,0.9838970899581909,-0.17839206755161285,0,0.009231014177203178,0.17848710715770721,0.9838829636573792,0,0,14.241898536682129,0,1
B5,mixamorig_Head,4,0.9915944933891296,-0.1221793070435524,-0.03865210339426994,0,0.09673546999692917,0.9118832945823669,-0.39886143803596497,0,0.08398307114839554,0.3917405307292938,0.9160531163215637,0,0,12.416603088378906,3.0938169956207275,1
B6,mixamorig_HeadTop_End,5,1,0,0,0,0,1,0,0,0,0,1,0,0,52.19218444824219,13.004611015319824,1
B7,mixamorig_LeftShoulder,3,0.06384164094924927,0.012026995420455933,-0.9978596568107605,0,0.9615957140922546,-0.26811617612838745,0.05828779563307762,0,-0.26683661341667175,-0.9633110761642456,-0.02868899516761303,0,9.226855278015137,11.951860427856445,0.027851000428199768,1
B8,mixamorig_LeftArm,7,0.7074850797653198,0.503464937210083,0.4956580400466919,0,-0.7065383791923523,0.5116689205169678,0.488621324300766,0,-0.007438694592565298,-0.6960633397102356,0.7178362011909485,0,0,19.284889221191406,0,1
B9,mixamorig_LeftForeArm,8,0.7943910956382751,0.6072309017181396,0.006108084227889776,0,-0.6071699261665344,0.794405460357666,-0.009387440979480743,0,-0.010555572807788849,0.00374891166575253,0.9999373555183411,0,0,25.992307662963867,0,1
B10,mixamorig_LeftHand,9,0.9785668253898621,0.18785957992076874,-0.07918433099985123,0,-0.14887353777885437,0.9235817193984985,0.3532697558403015,0,0.1394755095243454,-0.33384814858436584,0.931786060333252,0,0,22.46550941467285,0,1
B11,mixamorig_LeftHandThumb1,10,0.7469689846038818,0.6579660177230835,-0.09549199789762497,0,-0.496535986661911,0.6475880146026611,0.5779979825019836,0,0.4421420097351074,-0.38433200120925903,0.8104313015937805,0,-4.530734062194824,5.55928897857666,-0.000003999999989900971,1
B12,mixamorig_LeftHandThumb2,11,0.9181920289993286,-0.39587700366973877,0.014291999861598015,0,0.3939479887485504,0.9163140058517456,0.07193099707365036,0,-0.041572000831365585,-0.060416001826524734,0.9973070025444031,0,-0.10375899821519852,5.736414909362793,0,1
B13,mixamorig_LeftHandThumb3,12,0.9990280270576477,0.04243899881839752,0.011896999552845955,0,-0.04210500046610832,0.9987480044364929,-0.027024000883102417,0,-0.013028999790549278,0.026497000828385353,0.999563992023468,0,-0.44016900658607483,6.811308860778809,0,1
B14,mixamorig_LeftHandThumb4,13,1,0,0,0,0,1,0,0,0,0,1,0,0.543927013874054,4.416207790374756,0,1
B15,mixamorig_LeftHandIndex1,10,0.9990695714950562,0.042610976845026016,0.006620258092880249,0,-0.0410122387111187,0.8914821147918701,0.45119330286979675,0,0.013324104249477386,-0.45104530453681946,0.892400860786438,0,0,12.258289337158203,0.10341499745845795,1
B16,mixamorig_LeftHandIndex2,15,0.9999600052833557,0.008972969837486744,-0.00047400000039488077,0,-0.008199969306588173,0.9328888058662415,0.36007198691368103,0,0.0036733231972903013,-0.3600536584854126,0.9329248070716858,0,0.026504000648856163,8.824207305908203,0,1
B17,mixamorig_LeftHandIndex3,16,0.9979010224342346,0.06434965133666992,0.007308322936296463,0,-0.06459864974021912,0.9809860587120056,0.18301081657409668,0,0.004607323091477156,-0.18309849500656128,0.9830840229988098,0,-0.1279660016298294,5.9656500816345215,0,1
B18,mixamorig_LeftHandIndex4,17,1,0,0,0,0,1,0,0,0,0,1,0,0.1014619991183281,3.719062089920044,0,1
B19,mixamorig_RightShoulder,3,0.08312591165304184,-0.018607428297400475,0.9963542222976685,0,-0.9158562421798706,-0.39550164341926575,0.06902749091386795,0,0.3927755057811737,-0.9182754158973694,-0.04991263523697853,0,-9.226855278015137,11.952047348022461,0.040389999747276306,1
B20,mixamorig_RightArm,19,0.9134317636489868,-0.21727809309959412,-0.34410035610198975,0,0.3736506998538971,0.7828212976455688,0.4975602328777313,0,0.16126877069473267,-0.5830564498901367,0.7962523698806763,0,0,19.284889221191406,0,1
B21,mixamorig_RightForeArm,20,0.9269404411315918,-0.37450164556503296,-0.0064815920777618885,0,0.3744673430919647,0.9269574880599976,-0.005919266026467085,0,0.008232819847762585,0.0030593485571444035,0.9999613165855408,0,0,25.992311477661133,0,1
B22,mixamorig_RightHand,21,0.9627537131309509,0.10881222039461136,-0.24643580615520477,0,0.012052028439939022,0.8963227868080139,0.44314637780189514,0,0.2691000998020172,-0.4294828772544861,0.8617735505104065,0,0,22.431636810302734,0,1
B23,mixamorig_RightHandThumb1,22,0.892687976360321,-0.44575899839401245,0.06638699769973755,0,0.4143050014972687,0.8696680068969727,0.2683829963207245,0,-0.17736899852752686,-0.2120780050754547,0.9610220193862915,0,4.888978004455566,5.557528972625732,-0.000003999999989900971,1
B24,mixamorig_RightHandThumb2,23,0.97605299949646,0.2175299972295761,0.0008580000139772892,0,-0.21702300012111664,0.9734910130500793,0.0722203254699707,0,0.014875000342726707,-0.07067699730396271,0.9973880052566528,0,0.3011919856071472,5.913865089416504,0,1
B25,mixamorig_RightHandThumb3,24,0.9998120069503784,-0.019290000200271606,0.0021120000164955854,0,0.01935500092804432,0.999118983745575,-0.03722500056028366,0,-0.0013920000055804849,0.03725900128483772,0.999305009841919,0,0.025519000366330147,6.6395440101623535,0,1
B26,mixamorig_RightHandThumb4,25,1,0,0,0,0,1,0,0,0,0,1,0,-0.3267109990119934,4.391520977020264,0,1
B27,mixamorig_RightHandIndex1,22,0.9999337792396545,-0.008488834835588932,0.007440017070621252,0,0.007366382051259279,0.9894596338272095,0.13905595242977142,0,-0.008636316284537315,-0.13899199664592743,0.9894611835479736,0,0,12.675665855407715,0.05857999995350838,1
B28,mixamorig_RightHandIndex2,27,0.9997580051422119,-0.021609999239444733,-0.004153000190854073,0,0.02142699994146824,0.912992000579834,0.4074150025844574,0,-0.0050119999796152115,-0.40740498900413513,0.9132339954376221,0,-0.0035210000351071358,8.26400375366211,0,1
B29,mixamorig_RightHandIndex3,28,0.9998260140419006,-0.01856200024485588,-0.002087000058963895,0,0.01858999952673912,0.977892279624939,0.20827999711036682,0,-0.001825000043027103,-0.20828300714492798,0.9780669808387756,0,0.015468000434339046,6.10585880279541,0,1
B30,mixamorig_RightHandIndex4,29,1,0,0,0,0,1,0,0,0,0,1,0,-0.01194700039923191,3.2525739669799805,0,1
B31,mixamorig_LeftUpLeg,0,-0.9317890405654907,-0.25736239552497864,0.2549644410610199,0,0.3270930051803589,-0.8992212414741516,0.28738901019096375,0,0.15617138147354126,0.3515315651893616,0.9223527312278748,0,7.257933139801025,-5.273334980010986,-3.083117961883545,1
B32,mixamorig_LeftLeg,31,0.95357346534729,0.29758819937705994,-0.045907557010650635,0,-0.011079229414463043,-0.1174750104546547,-0.9925585389137268,0,-0.3009290397167206,0.9469674229621887,-0.10871168226003647,0,0,30.442888259887695,0,1
B33,mixamorig_LeftFoot,32,0.7424293756484985,0.16104532778263092,-0.6500454545021057,0,0.5461846590042114,0.4162917137145996,0.7268118858337402,0,0.3878132104873657,-0.8946678638458252,0.22119231522083282,0,0,18.553098678588867,0,1
B34,mixamorig_LeftToeBase,33,0.9184885025024414,-0.007081741467118263,-0.3953595757484436,0,0.32124483585357666,0.5964213013648987,0.7355525493621826,0,0.23060286045074463,-0.8026024103164673,0.5500826835632324,0,0,13.033435821533203,0,1
B35,mixamorig_LeftToe_End,34,1,0,0,0,0,1,0,0,0,0,1,0,0,5.268302917480469,0,1
B36,mixamorig_RightUpLeg,0,-0.9543706774711609,0.1997404545545578,-0.22188842296600342,0,-0.2981824278831482,-0.6758607625961304,0.6729793548583984,0,-0.015524630434811115,0.708433210849762,0.7045827507972717,0,-7.257933139801025,-5.273334980010986,5.125103950500488,1
B37,mixamorig_RightLeg,36,0.9776076674461365,0.12308432906866074,-0.17066137492656708,0,-0.19648785889148712,0.24485252797603607,-0.949216365814209,0,-0.07508557289838791,0.9614922404289246,0.26356619596481323,0,0,29.14651870727539,0,1
B38,mixamorig_RightFoot,37,0.9863115549087524,-0.058182645589113235,0.15428391098976135,0,-0.13158564269542694,0.2858567535877228,0.9490275979042053,0,-0.09930633008480072,-0.9563398957252502,0.2742902636528015,0,0,18.484560012817383,0,1
B39,mixamorig_RightToeBase,38,0.9273589849472046,-6.769012657059648e-7,0.37417200207710266,0,-0.3064579963684082,0.5737482905387878,0.7595366835594177,0,-0.2146809995174408,-0.8190317153930664,0.5320706367492676,0,0,12.827351570129395,9.999999974752427e-7,1
B40,mixamorig_RightToe_End,39,1,0,0,0,0,1,0,0,0,0,1,0,0,5.283959865570068,0,1
@34,0,1,2,3,4,5,7,8,9,10,11,12,13,15,16,17,19,20,21,22,23,24,25,27,28,29,31,32,33,34,36,37,38,39
K0.000,0.9923959970474243,0.07609499990940094,-0.09674199670553207,0,-0.06625500321388245,0.9926630258560181,0.10114900022745132,0,0.1037290021777153,-0.09397000074386597,0.9901570081710815,0,1.6689690351486206,58.511409759521484,-1.2325769662857056,1,0.999343991279602,0.026700999587774277,-0.024484999477863312,0,-0.023169999942183495,0.9906269907951355,0.13461799919605255,0,0.02785000018775463,-0.1339620053768158,0.9905949831008911,0,0,9.493545532226562,0.1414559930562973,1,0.9985039830207825,-0.03023800067603588,-0.045563001185655594,0,0.03820599988102913,0.9818729758262634,0.18564799427986145,0,0.03912299871444702,-0.1871110051870346,0.9815589785575867,0,0,11.077027320861816,0,1,0.9985060095787048,-0.03001900017261505,-0.04564699903130531,0,0.03800699859857559,0.9818779826164246,0.18566399812698364,0,0.03924600034952164,-0.18712100386619568,0.9815530180931091,0,0,12.659470558166504,0,1,0.9992539882659912,-0.012715999968349934,0.036462001502513885,0,0.015939999371767044,0.995855987071991,-0.08953899890184402,0,-0.0351720005273819,0.0900539979338646,0.9953160285949707,0,0,14.241898536682129,0,1,0.9822459816932678,0.019303999841213226,0.186599001288414,0,0.04329900071024895,0.9445040225982666,-0.3256340026855469,0,-0.1825300008058548,0.3279320001602173,0.9269000291824341,0,0,12.416603088378906,3.0938169956207275,1,0.021546000614762306,0.009808000177145004,-0.9997199773788452,0,0.9538739919662476,-0.29969000816345215,0.017618000507354736,0,-0.29943299293518066,-0.9539859890937805,-0.01581300050020218,0,9.226855278015137,11.951860427856445,0.027851000428199768,1,0.8643789887428284,0.44377401471138,0.23645900189876556,0,-0.5014989972114563,0.7264860272407532,0.4698050022125244,0,0.03670300170779228,-0.5246729850769043,0.8505120277404785,0,0,19.284889221191406,0,1,0.6806660294532776,0.7325810194015503,0.004350000061094761,0,-0.7325069904327393,0.6806650161743164,-0.01132499985396862,0,-0.011257000267505646,0.004523000214248896,0.999925971031189,0,0,25.992307662963867,0,1,0.9825770258903503,0.16903099417686462,0.07726799696683884,0,-0.18571099638938904,0.9092580080032349,0.3725059926509857,0,-0.007290999870747328,-0.3803659975528717,0.9248070120811462,0,0,22.46550941467285,0,1,0.7469689846038818,0.6579660177230835,-0.09549099951982498,0,-0.496535986661911,0.6475880146026611,0.5779979825019836,0,0.4421420097351074,-0.38433200120925903,0.8104310035705566,0,-4.530734062194824,5.55928897857666,-0.000003999999989900971,1,0.9181920289993286,-0.39587798714637756,0.014291999861598015,0,0.3939479887485504,0.9163140058517456,0.07193099707365036,0,-0.0415709987282753,-0.060416001826524734,0.9973070025444031,0,-0.10375899821519852,5.736414909362793,0,1,0.9990280270576477,0.04243899881839752,0.011896999552845955,0,-0.04210500046610832,0.9987480044364929,-0.027024000883102417,0,-0.013028999790549278,0.026496000587940216,0.999563992023468,0,-0.44016900658607483,6.811308860778809,0,1,0.9991009831428528,0.04192600026726723,0.006248000077903271,0,-0.04034699872136116,0.8953830003738403,0.4434660077095032,0,0.012997999787330627,-0.4433189928531647,0.8962699770927429,0,0,12.258289337158203,0.10341499745845795,1,0.9999589920043945,0.008990000002086163,-0.0004720000142697245,0,-0.00821600016206503,0.9328219890594482,0.3602449893951416,0,0.00367900007404387,-0.36022600531578064,0.9328579902648926,0,0.026504000648856163,8.824207305908203,0,1,0.9979000091552734,0.06435699760913849,0.007311999797821045,0,-0.06460700184106827,0.9809690117835999,0.18310099840164185,0,0.004610999953001738,-0.1831890046596527,0.983066976070404,0,-0.1279660016298294,5.9656500816345215,0,1,0.07444199919700623,-0.016220999881625175,0.9970930218696594,0,-0.9296979904174805,-0.3628070056438446,0.06350799649953842,0,0.36072200536727905,-0.9317229986190796,-0.04208900034427643,0,-9.226855278015137,11.952047348022461,0.040389999747276306,1,0.8816829919815063,-0.39067700505256653,-0.2645869851112366,0,0.47002100944519043,0.7764210104942322,0.41982200741767883,0,0.041416000574827194,-0.49451199173927307,0.868183970451355,0,0,19.284889221191406,0,1,0.8877189755439758,-0.4603480100631714,-0.005861999932676554,0,0.46030598878860474,0.8877300024032593,-0.007275999989360571,0,0.008553000167012215,0.0037609999999403954,0.9999560117721558,0,0,25.992311477661133,0,1,0.9889749884605408,0.0034409998916089535,-0.1480419933795929,0,0.06955400109291077,0.8717960119247437,0.48490700125694275,0,0.130731001496315,-0.4898580014705658,0.8619449734687805,0,0,22.431636810302734,0,1,0.892687976360321,-0.44575899839401245,0.06638699769973755,0,0.4143050014972687,0.8696680068969727,0.2683829963207245,0,-0.17736899852752686,-0.2120780050754547,0.9610220193862915,0,4.888978004455566,5.557528972625732,-0.000003999999989900971,1,0.97605299949646,0.2175299972295761,0.0008580000139772892,0,-0.21702300012111664,0.9734910130500793,0.07221999764442444,0,0.014875000342726707,-0.07067699730396271,0.9973880052566528,0,0.3011919856071472,5.913865089416504,0,1,0.9998120069503784,-0.019290000200271606,0.0021120000164955854,0,0.01935500092804432,0.999118983745575,-0.03722500056028366,0,-0.0013920000055804849,0.03725900128483772,0.999305009841919,0,0.025519000366330147,6.6395440101623535,0,1,0.9991559982299805,-0.04032900184392929,-0.007763000205159187,0,0.035027001053094864,0.7381129860877991,0.6737669706344604,0,-0.021443000063300133,-0.6734709739685059,0.7389029860496521,0,0,12.675665855407715,0.05857999995350838,1,0.9997580051422119,-0.021609999239444733,-0.004153000190854073,0,0.02142699994146824,0.912992000579834,0.4074150025844574,0,-0.0050119999796152115,-0.40740498900413513,0.9132339954376221,0,-0.0035210000351071358,8.26400375366211,0,1,0.9998260140419006,-0.01856200024485588,-0.002087000058963895,0,0.01858999952673912,0.9778919816017151,0.20827999711036682,0,-0.001825000043027103,-0.20828300714492798,0.9780669808387756,0,0.015468000434339046,6.10585880279541,0,1,-0.977167010307312,-0.03651899844408035,0.20930899679660797,0,0.157151997089386,-0.787211000919342,0.5963240265846252,0,0.1429930031299591,0.6156020164489746,0.7749760150909424,0,7.257933139801025,-5.273334980010986,-3.083117961883545,1,0.9271969795227051,0.33454200625419617,0.16848400235176086,0,0.14438199996948242,0.09584499895572662,-0.9848690032958984,0,-0.3456279933452606,0.9374939799308777,0.04056499898433685,0,0,30.442888259887695,0,1,0.7426360249519348,0.22350700199604034,-0.6312980055809021,0,0.5006459951400757,0.44081300497055054,0.7450079917907715,0,0.44479799270629883,-0.8693270087242126,0.2154659926891327,0,0,18.553098678588867,0,1,0.9176350235939026,0.00012799999967683107,-0.39742499589920044,0,0.321601003408432,0.5872759819030762,0.7427510023117065,0,0.23349300026893616,-0.8093870282173157,0.538864016532898,0,0,13.033435821533203,0,1,-0.942999005317688,0.27358800172805786,-0.18947699666023254,0,-0.30996599793434143,-0.9292920231819153,0.20083999633789062,0,-0.1211320012807846,0.24812300503253937,0.9611250162124634,0,-7.257933139801025,-5.273334980010986,5.125103950500488,1,0.9687730073928833,0.19490399956703186,-0.1532679945230484,0,-0.24005700647830963,0.5825669765472412,-0.7765229940414429,0,-0.06205800175666809,0.7890679836273193,0.6111630201339722,0,0,29.14651870727539,0,1,0.9753829836845398,-0.13800400495529175,0.17199799418449402,0,-0.14348800480365753,0.19508400559425354,0.9702339768409729,0,-0.16744999587535858,-0.9710289835929871,0.17047999799251556,0,0,18.484560012817383,0,1,0.9273549914360046,-0.000043000000005122274,0.3741829991340637,0,-0.3064590096473694,0.5736929774284363,0.7595779895782471,0,-0.21469900012016296,-0.8190699815750122,0.5320039987564087,0,0,12.827351570129395,0,1
K0.033,0.9925500154495239,0.08459603041410446,-0.08768387883901596,0,-0.07740204781293869,0.9935870170593262,0.08242890983819962,0,0.09409487247467041,-0.07502792030572891,0.9927319884300232,0,1.429586410522461,58.64509963989258,-1.4032448530197144,1,0.9991570115089417,0.019835960119962692,-0.035954102873802185,0,-0.01476194616407156,0.9905650019645691,0.13624802231788635,0,0.03831709921360016,-0.13560301065444946,0.9900220036506653,0,0,9.493545532226562,0.1414559930562973,1,0.9969080090522766,-0.03969805687665939,-0.06781718134880066,0,0.05213109776377678,0.9798640012741089,0.19273905456066132,0,0.05880015715956688,-0.19567807018756866,0.9789040088653564,0,0,11.077027320861816,0,1,0.9969099760055542,-0.039395056664943695,-0.0679541751742363,0,0.05186109617352486,0.9798759818077087,0.1927550584077835,0,0.058993156999349594,-0.1956830769777298,0.9788910150527954,0,0,12.659470558166504,0,1,0.9990209937095642,-0.01508801244199276,0.041590042412281036,0,0.018976017832756042,0.9953219890594482,-0.09473506361246109,0,-0.03996603563427925,0.09543206542730331,0.9946330189704895,0,0,14.241898536682129,0,1,0.9764009118080139,0.04146121069788933,0.21194718778133392,0,0.031202880665659904,0.9440180063247681,-0.3284150958061218,0,-0.21369825303554535,0.3272780478000641,0.9204469323158264,0,0,12.416603088378906,3.0938169956207275,1,0.020939931273460388,0.010238002985715866,-0.9997280240058899,0,0.9490319490432739,-0.31474119424819946,0.016654929146170616,0,-0.31448522210121155,-0.9491219520568848,-0.016305983066558838,0,9.226855278015137,11.951860427856445,0.027851000428199768,1,0.8876592516899109,0.42444267868995667,0.17863453924655914,0,-0.4590485394001007,0.784776508808136,0.41641443967819214,0,0.0365559384226799,-0.45163631439208984,0.8914533257484436,0,0,19.284889221191406,0,1,0.6315006613731384,0.7753673195838928,0.0035889942664653063,0,-0.7752892971038818,0.6314926147460938,-0.011987004429101944,0,-0.01156100258231163,0.004787001758813858,0.999921977519989,0,0,25.992307662963867,0,1,0.9783318638801575,0.15457609295845032,0.1377425640821457,0,-0.19580331444740295,0.9069839119911194,0.3728829622268677,0,-0.06729147583246231,-0.3917730748653412,0.9175979495048523,0,0,22.46550941467285,0,1,0.7469689846038818,0.6579660177230835,-0.09549199789762497,0,-0.496535986661911,0.6475880146026611,0.5779979825019836,0,0.4421420097351074,-0.38433200120925903,0.8104310035705566,0,-4.530734062194824,5.55928897857666,-0.000003999999989900971,1,0.9181920289993286,-0.39587798714637756,0.014291999861598015,0,0.3939479887485504,0.9163140058517456,0.07193099707365036,0,-0.041572000831365585,-0.060416001826524734,0.9973070025444031,0,-0.10375899821519852,5.736414909362793,0,1,0.9990280270576477,0.04243899881839752,0.011896999552845955,0,-0.04210500046610832,0.9987480044364929,-0.027024000883102417,0,-0.013028999790549278,0.026496000587940216,0.999563992023468,0,-0.44016900658607483,6.811308860778809,0,1,0.9990509748458862,0.043014030903577805,0.006842016242444515,0,-0.04140302538871765,0.8891448378562927,0.4557483196258545,0,0.013520014472305775,-0.4555993378162384,0.8900818228721619,0,0,12.258289337158203,0.10341499745845795,1,0.9999589920043945,0.008990000002086163,-0.0004720000142697245,0,-0.00821600016206503,0.9328219890594482,0.3602449893951416,0,0.0036780000664293766,-0.36022600531578064,0.9328579902648926,0,0.026504000648856163,8.824207305908203,0,1,0.9979000091552734,0.06435699760913849,0.007311999797821045,0,-0.06460700184106827,0.9809690117835999,0.18310099840164185,0,0.004610999953001738,-0.1831890046596527,0.983066976070404,0,-0.1279660016298294,5.9656500816345215,0,1,0.07952912151813507,-0.016255004331469536,0.9966999888420105,0,-0.9314990043640137,-0.35723593831062317,0.0685001090168953,0,0.3549439013004303,-0.9338729977607727,-0.043552037328481674,0,-9.226855278015137,11.952047348022461,0.040389999747276306,1,0.8798438906669617,-0.4140293300151825,-0.23335377871990204,0,0.47498416900634766,0.7828340530395508,0.40194669365882874,0,0.01625983975827694,-0.464489609003067,0.8854292035102844,0,0,19.284889221191406,0,1,0.8688528537750244,-0.49503815174102783,-0.005563998594880104,0,0.4949931502342224,0.8688618540763855,-0.007825003005564213,0,0.008707000873982906,0.004044001456350088,0.9999539852142334,0,0,25.992311477661133,0,1,0.9834549427032471,-0.026040317490696907,-0.17927035689353943,0,0.10762341320514679,0.8800220489501953,0.462577760219574,0,0.14571619033813477,-0.47421786189079285,0.8682650327682495,0,0,22.431636810302734,0,1,0.892687976360321,-0.44575899839401245,0.06638699769973755,0,0.4143050014972687,0.8696680068969727,0.2683829963207245,0,-0.17736899852752686,-0.2120780050754547,0.9610220193862915,0,4.888978004455566,5.557528972625732,-0.000003999999989900971,1,0.97605299949646,0.2175299972295761,0.0008580000139772892,0,-0.21702300012111664,0.9734910130500793,0.07221999764442444,0,0.014875000342726707,-0.07067699730396271,0.9973880052566528,0,0.3011919856071472,5.913865089416504,0,1,0.9998120069503784,-0.019290000200271606,0.0021120000164955854,0,0.01935500092804432,0.999118983745575,-0.037223998457193375,0,-0.0013920000055804849,0.037257999181747437,0.999305009841919,0,0.025519000366330147,6.6395440101623535,0,1,0.9992049932479858,-0.039275988936424255,-0.006810991559177637,0,0.0341079942882061,0.7539671063423157,0.6560258269309998,0,-0.02063099294900894,-0.6557368040084839,0.7547070980072021,0,0,12.675665855407715,0.05857999995350838,1,0.9997580051422119,-0.021609999239444733,-0.004153000190854073,0,0.02142699994146824,0.912992000579834,0.4074150025844574,0,-0.0050119999796152115,-0.40740498900413513,0.9132339954376221,0,-0.0035210000351071358,8.26400375366211,0,1,0.9998260140419006,-0.01856200024485588,-0.002087000058963895,0,0.01858999952673912,0.9778919816017151,0.20827999711036682,0,-0.001825000043027103,-0.20828300714492798,0.9780669808387756,0,0.015468000434339046,6.10585880279541,0,1,-0.9802039861679077,-0.024296950548887253,0.19649186730384827,0,0.1443169265985489,-0.7671107053756714,0.625070333480835,0,0.13554386794567108,0.6410542726516724,0.7554317712783813,0,7.257933139801025,-5.273334980010986,-3.083117961883545,1,0.91507887840271,0.3285887837409973,0.23379559814929962,0,0.17668424546718597,0.1944720298051834,-0.9648647308349609,0,-0.3625101149082184,0.9242348074913025,0.11990087479352951,0,0,30.442888259887695,0,1,0.7438129782676697,0.21235892176628113,-0.6337550282478333,0,0.5030120015144348,0.446534126996994,0.7399899363517761,0,0.44013699889183044,-0.8692009449005127,0.22531911730766296,0,0,18.553098678588867,0,1,0.9176250100135803,0.00020999799016863108,-0.39744699001312256,0,0.32160499691963196,0.5871719717979431,0.7428320050239563,0,0.23352600634098053,-0.8094620108604431,0.5387359857559204,0,0,13.033435821533203,0,1,-0.9415320158004761,0.285319060087204,-0.17919690907001495,0,-0.3068869411945343,-0.945758044719696,0.10659220814704895,0,-0.13906414806842804,0.15535320341587067,0.978022038936615,0,-7.257933139801025,-5.273334980010986,5.125103950500488,1,0.9678509831428528,0.21123410761356354,-0.1365458369255066,0,-0.24226799607276917,0.6369794607162476,-0.7318226099014282,0,-0.0676090344786644,0.7413755655288696,0.6676754951477051,0,0,29.14651870727539,0,1,0.9746500253677368,-0.1452590376138687,0.17016801238059998,0,-0.14146901667118073,0.18912290036678314,0.9717090129852295,0,-0.17333203554153442,-0.9711499810218811,0.1637789011001587,0,0,18.484560012817383,0,1,0.927357017993927,-0.00002000166023208294,0.3741770088672638,0,-0.3064590096473694,0.5737230181694031,0.759555995464325,0,-0.2146890014410019,-0.8190500140190125,0.532039999961853,0,0,12.827351570129395,0,1
K0.067,0.9933000206947327,0.08724497258663177,-0.07578612118959427,0,-0.08168195188045502,0.9939349889755249,0.07363508641719818,0,0.08175111562013626,-0.06695108115673065,0.9944019913673401,0,1.2695105075836182,58.55025100708008,-1.5985320806503296,1,0.998790979385376,0.0158490389585495,-0.04653289541602135,0,-0.009326053783297539,0.9904999732971191,0.13719898462295532,0,0.04826489835977554,-0.13659898936748505,0.9894499778747559,0,0,9.493545532226562,0.1414559930562973,1,0.9953150153160095,-0.04545494541525841,-0.08533082902431488,0,0.06170790269970894,0.9781069755554199,0.1987459361553192,0,0.07442884147167206,-0.2030799239873886,0.9763290286064148,0,0,11.077027320861816,0,1,0.9953140020370483,-0.045121945440769196,-0.08552082628011703,0,0.06141890212893486,0.9781249761581421,0.19874294102191925,0,0.07468284666538239,-0.20306392014026642,0.9763129949569702,0,0,12.659470558166504,0,1,0.9988260269165039,-0.01633598655462265,0.0455949604511261,0,0.020894981920719147,0.9946290254592896,-0.10137493163347244,0,-0.043693963438272476,0.1022089347243309,0.9938030242919922,0,0,14.241898536682129,0,1,0.9709940552711487,0.0627397894859314,0.23072680830955505,0,0.019340116530656815,0.9411910176277161,-0.3373209238052368,0,-0.23832076787948608,0.33199894428253174,0.9126770496368408,0,0,12.416603088378906,3.0938169956207275,1,0.013960069045424461,0.010491997003555298,-0.9998480081558228,0,0.9416220784187317,-0.336533784866333,0.009615070186555386,0,-0.3363807797431946,-0.9416130781173706,-0.014578016474843025,0,9.226855278015137,11.951860427856445,0.027851000428199768,1,0.9102567434310913,0.3921973407268524,0.13271746039390564,0,-0.4129364490509033,0.8364894390106201,0.3602355718612671,0,0.03026706352829933,-0.38271069526672363,0.9233726859092712,0,0,19.284889221191406,0,1,0.5932103395462036,0.8050417304039001,0.0029980058316141367,0,-0.8049607276916504,0.5931973457336426,-0.012445995584130287,0,-0.011796996928751469,0.004969998262822628,0.9999179840087891,0,0,25.992307662963867,0,1,0.9672261476516724,0.16362491250038147,0.19416643679141998,0,-0.22656068205833435,0.9013990759849548,0.36898404359817505,0,-0.1146465316414833,-0.40088191628456116,0.9089280366897583,0,0,22.46550941467285,0,1,0.7469689846038818,0.6579650044441223,-0.09549199789762497,0,-0.4965350031852722,0.6475880146026611,0.5779979825019836,0,0.4421420097351074,-0.38433200120925903,0.8104320168495178,0,-4.530734062194824,5.55928897857666,-0.000003999999989900971,1,0.9181920289993286,-0.39587700366973877,0.014293000102043152,0,0.3939479887485504,0.9163140058517456,0.07193099707365036,0,-0.041572000831365585,-0.060416001826524734,0.9973070025444031,0,-0.10375899821519852,5.736414909362793,0,1,0.9990280270576477,0.04243899881839752,0.011896999552845955,0,-0.04210500046610832,0.9987480044364929,-0.027024000883102417,0,-0.013028999790549278,0.026496000587940216,0.999563992023468,0,-0.44016900658607483,6.811308860778809,0,1,0.99891197681427,0.045858971774578094,0.008491983637213707,0,-0.04417097568511963,0.8717811703681946,0.48790067434310913,0,0.014971986413002014,-0.48774465918540955,0.8728571534156799,0,0,12.258289337158203,0.10341499745845795,1,0.9999589920043945,0.008990000002086163,-0.0004720000142697245,0,-0.00821600016206503,0.9328219890594482,0.3602449893951416,0,0.0036780000664293766,-0.36022600531578064,0.9328579902648926,0,0.026504000648856163,8.824207305908203,0,1,0.9979000091552734,0.06435699760913849,0.007311999797821045,0,-0.06460700184106827,0.9809690117835999,0.18310099840164185,0,0.004610999953001738,-0.1831890046596527,0.983066976070404,0,-0.1279660016298294,5.9656500816345215,0,1,0.09120287746191025,-0.016620995476841927,0.9956939816474915,0,-0.933247983455658,-0.3502940535545349,0.07963588833808899,0,0.3474620580673218,-0.9364920258522034,-0.047458961606025696,0,-9.226855278015137,11.952047348022461,0.040389999747276306,1,0.8698151111602783,-0.4460276663303375,-0.21090422570705414,0,0.49337682127952576,0.7865289449691772,0.3714172840118408,0,0.00021915942488703877,-0.4271203577518463,0.9041948318481445,0,0,19.284889221191406,0,1,0.8594321012496948,-0.5112208127975464,-0.005415001418441534,0,0.5111738443374634,0.8594391345977783,-0.008079997263848782,0,0.008783998899161816,0.004176998510956764,0.9999529719352722,0,0,25.992311477661133,0,1,0.9750340580940247,-0.05772668495774269,-0.21442165970802307,0,0.148870587348938,0.8864069581031799,0.4383162260055542,0,0.16476181149482727,-0.4592941403388977,0.8728699684143066,0,0,22.431636810302734,0,1,0.892687976360321,-0.44575899839401245,0.06638699769973755,0,0.4143050014972687,0.8696680068969727,0.2683829963207245,0,-0.17736899852752686,-0.2120780050754547,0.9610220193862915,0,4.888978004455566,5.557528972625732,-0.000003999999989900971,1,0.97605299949646,0.2175299972295761,0.0008580000139772892,0,-0.21702300012111664,0.9734910130500793,0.07221999764442444,0,0.014875000342726707,-0.07067699730396271,0.9973880052566528,0,0.3011919856071472,5.913865089416504,0,1,0.9998120069503784,-0.019290000200271606,0.0021120000164955854,0,0.01935500092804432,0.999118983745575,-0.03722500056028366,0,-0.0013920000055804849,0.03725900128483772,0.999305009841919,0,0.025519000366330147,6.6395440101623535,0,1,0.9992480278015137,-0.038317009806632996,-0.005982008296996355,0,0.03327100723981857,0.767754852771759,0.6398791670799255,0,-0.019925007596611977,-0.639596164226532,0.7684528827667236,0,0,12.675665855407715,0.05857999995350838,1,0.9997580051422119,-0.021609999239444733,-0.004153000190854073,0,0.02142699994146824,0.912992000579834,0.4074150025844574,0,-0.0050119999796152115,-0.40740498900413513,0.9132339954376221,0,-0.0035210000351071358,8.26400375366211,0,1,0.9998260140419006,-0.018563000485301018,-0.002087000058963895,0,0.01858999952673912,0.9778929948806763,0.20827999711036682,0,-0.001825000043027103,-0.20828300714492798,0.9780669808387756,0,0.015468000434339046,6.10585880279541,0,1,-0.9829450249671936,-0.019211050122976303,0.18289513885974884,0,0.13715007901191711,-0.7391242980957031,0.6594576239585876,0,0.12251412868499756,0.673294723033905,0.7291532158851624,0,7.257933139801025,-5.273334980010986,-3.083117961883545,1,0.905022144317627,0.3081132173538208,0.2932594120502472,0,0.20120775699615479,0.29732999205589294,-0.9333332777023315,0,-0.37476688623428345,0.9036931991577148,0.20709513127803802,0,0,30.442888259887695,0,1,0.7442370057106018,0.20445308089256287,-0.6358540058135986,0,0.5017939805984497,0.4571448862552643,0.7343170642852783,0,0.44081100821495056,-0.8655730485916138,0.23763087391853333,0,0,18.553098678588867,0,1,0.91764897108078,0.000009001998478197493,-0.39739200472831726,0,0.3215950131416321,0.587427020072937,0.7426350116729736,0,0.23344600200653076,-0.8092769980430603,0.5390490293502808,0,0,13.033435821533203,0,1,-0.9415240287780762,0.2909499406814575,-0.16994608938694,0,-0.2996670603752136,-0.9536459445953369,0.02754378691315651,0,-0.15405485033988953,0.07686078548431396,0.9850679636001587,0,-7.257933139801025,-5.273334980010986,5.125103950500488,1,0.9676870107650757,0.22172988951206207,-0.12007616460323334,0,-0.24187999963760376,0.6816905736923218,-0.6905013918876648,0,-0.07124996185302734,0.6972324252128601,0.7132955193519592,0,0,29.14651870727539,0,1,0.9739230275154114,-0.1491619497537613,0.17095398902893066,0,-0.14344798028469086,0.17893309891223907,0.9733480215072632,0,-0.1757749766111374,-0.9724879860877991,0.15287010371685028,0,0,18.484560012817383,0,1,0.9273399710655212,-0.00018599836039356887,0.37422099709510803,0,-0.30646300315856934,0.5735089778900146,0.7597150206565857,0,-0.21476000547409058,-0.8191990256309509,0.531781017780304,0,0,12.827351570129395,0,1
K0.100,0.9946640133857727,0.08554600179195404,-0.05767200142145157,0,-0.08109500259160995,0.9938399791717529,0.07553199678659439,0,0.06377799808979034,-0.0704519972205162,0.9954739809036255,0,1.1867300271987915,58.29979705810547,-1.8163080215454102,1,0.9982969760894775,0.01345799956470728,-0.056770000606775284,0,-0.0055959997698664665,0.9906330108642578,0.13643400371074677,0,0.05807400122284889,-0.13588300347328186,0.9890210032463074,0,0,9.493545532226562,0.1414559930562973,1,0.9938470125198364,-0.04805399850010872,-0.09979599714279175,0,0.06751500070095062,0.9770799875259399,0.20188400149345398,0,0.08780699968338013,-0.2073799967765808,0.9743120074272156,0,0,11.077027320861816,0,1,0.9938399791717529,-0.04773300141096115,-0.1000170037150383,0,0.06724300235509872,0.9771040081977844,0.20185500383377075,0,0.08809199929237366,-0.20733700692653656,0.9742950201034546,0,0,12.659470558166504,0,1,0.9986400008201599,-0.018729999661445618,0.048652999103069305,0,0.02395400032401085,0.9937390089035034,-0.1091269999742508,0,-0.04630399867892265,0.1101439967751503,0.9928359985351562,0,0,14.241898536682129,0,1,0.9660590291023254,0.08182000368833542,0.24501900374889374,0,0.009348999708890915,0.9368169903755188,-0.34969499707221985,0,-0.25815001130104065,0.3401170074939728,0.9042559862136841,0,0,12.416603088378906,3.0938169956207275,1,0.0026360005140304565,0.01068899966776371,-0.9999390244483948,0,0.9340639710426331,-0.35710400342941284,-0.0013549994910135865,0,-0.35709699988365173,-0.9340029954910278,-0.010925999842584133,0,9.226855278015137,11.951860427856445,0.027851000428199768,1,0.9310770034790039,0.3481230139732361,0.10911700129508972,0,-0.3644610047340393,0.8742499947547913,0.3207109868526459,0,0.016251999884843826,-0.3383750021457672,0.940871000289917,0,0,19.284889221191406,0,1,0.5780889987945557,0.8159689903259277,0.002764000091701746,0,-0.8158869743347168,0.5780739784240723,-0.012614999897778034,0,-0.011890999972820282,0.005038000177592039,0.9999169707298279,0,0,25.992307662963867,0,1,0.9499840140342712,0.19777199625968933,0.24169699847698212,0,-0.2778649926185608,0.8885409832000732,0.3650830090045929,0,-0.14255499839782715,-0.41398200392723083,0.8990529775619507,0,0,22.46550941467285,0,1,0.7469689846038818,0.6579650044441223,-0.09549199789762497,0,-0.4965350031852722,0.6475880146026611,0.5779979825019836,0,0.4421420097351074,-0.38433200120925903,0.8104320168495178,0,-4.530734062194824,5.55928897857666,-0.000003999999989900971,1,0.9181920289993286,-0.39587700366973877,0.014291999861598015,0,0.3939470052719116,0.9163140058517456,0.07193099707365036,0,-0.041572000831365585,-0.060416001826524734,0.9973070025444031,0,-0.10375899821519852,5.736414909362793,0,1,0.9990280270576477,0.042438000440597534,0.011896999552845955,0,-0.04210500046610832,0.9987480044364929,-0.027024000883102417,0,-0.013028999790549278,0.026497000828385353,0.999563992023468,0,-0.44016900658607483,6.811308860778809,0,1,0.9986979961395264,0.04980900138616562,0.011021999642252922,0,-0.04802099987864494,0.8449879884719849,0.5326240062713623,0,0.0172169990837574,-0.5324599742889404,0.8462799787521362,0,0,12.258289337158203,0.10341499745845795,1,0.9999589920043945,0.008990000002086163,-0.0004720000142697245,0,-0.00821600016206503,0.9328219890594482,0.3602440059185028,0,0.00367900007404387,-0.36022600531578064,0.9328579902648926,0,0.026504000648856163,8.824207305908203,0,1,0.9979000091552734,0.06435699760913849,0.007311999797821045,0,-0.06460700184106827,0.9809690117835999,0.18310099840164185,0,0.004610999953001738,-0.1831890046596527,0.983066976070404,0,-0.1279660016298294,5.9656500816345215,0,1,0.10700800269842148,-0.017173999920487404,0.9941099882125854,0,-0.9349030256271362,-0.3420270085334778,0.09472600370645523,0,0.33838599920272827,-0.939532995223999,-0.05265599861741066,0,-9.226855278015137,11.952047348022461,0.040389999747276306,1,0.8539559841156006,-0.4820510149002075,-0.19592399895191193,0,0.5202940106391907,0.7857580184936523,0.33448201417922974,0,-0.007288999389857054,-0.3875710070133209,0.9218109846115112,0,0,19.284889221191406,0,1,0.8597310185432434,-0.5107179880142212,-0.005419000051915646,0,0.5106710195541382,0.8597379922866821,-0.008071999996900558,0,0.00878200028091669,0.004172000102698803,0.9999529719352722,0,0,25.992311477661133,0,1,0.9673579931259155,-0.08352000266313553,-0.23925399780273438,0,0.1801310032606125,0.8907009959220886,0.4173789918422699,0,0.17824499309062958,-0.4468519985675812,0.8766710162162781,0,0,22.431636810302734,0,1,0.892687976360321,-0.44575899839401245,0.06638699769973755,0,0.4143050014972687,0.8696680068969727,0.2683829963207245,0,-0.17736899852752686,-0.2120780050754547,0.9610220193862915,0,4.888978004455566,5.557528972625732,-0.000003999999989900971,1,0.97605299949646,0.2175299972295761,0.0008580000139772892,0,-0.21702300012111664,0.9734910130500793,0.07221999764442444,0,0.014875000342726707,-0.07067699730396271,0.9973880052566528,0,0.3011919856071472,5.913865089416504,0,1,0.9998120069503784,-0.019290000200271606,0.0021120000164955854,0,0.01935500092804432,0.999118983745575,-0.03722500056028366,0,-0.0013920000055804849,0.037257999181747437,0.999305009841919,0,0.025519000366330147,6.6395440101623535,0,1,0.9993079900741577,-0.03687800094485283,-0.004803000018000603,0,0.032016001641750336,0.7873690128326416,0.6156499981880188,0,-0.018921999260783195,-0.6153780221939087,0.788004994392395,0,0,12.675665855407715,0.05857999995350838,1,0.9997580051422119,-0.021609999239444733,-0.004153000190854073,0,0.02142699994146824,0.912992000579834,0.4074150025844574,0,-0.0050119999796152115,-0.40740498900413513,0.9132339954376221,0,-0.0035210000351071358,8.26400375366211,0,1,0.9998260140419006,-0.01856200024485588,-0.002087000058963895,0,0.01858999952673912,0.9778919816017151,0.20827999711036682,0,-0.001825000043027103,-0.20828300714492798,0.9780669808387756,0,0.015468000434339046,6.10585880279541,0,1,-0.9846609830856323,-0.022832000628113747,0.17297500371932983,0,0.13839900493621826,-0.705901026725769,0.6946579813957214,0,0.10624299943447113,0.7079430222511292,0.6982330083847046,0,7.257933139801025,-5.273334980010986,-3.083117961883545,1,0.8938620090484619,0.2804979979991913,0.3497590124607086,0,0.22023999691009521,0.40479299426078796,-0.8874890208244324,0,-0.39051899313926697,0.8703240156173706,0.3000519871711731,0,0,30.442888259887695,0,1,0.7430310249328613,0.18968500196933746,-0.6418129801750183,0,0.5039709806442261,0.47242000699043274,0.7230719923973083,0,0.44036099314689636,-0.8607199788093567,0.2554270029067993,0,0,18.553098678588867,0,1,0.9176579713821411,-0.00006600000051548705,-0.39737099409103394,0,0.32159098982810974,0.5875229835510254,0.7425600290298462,0,0.23341499269008636,-0.8092079758644104,0.5391659736633301,0,0,13.033435821533203,0,1,-0.9424049854278564,0.29216501116752625,-0.1628270000219345,0,-0.2905150055885315,-0.9562519788742065,-0.03439199551939964,0,-0.16575199365615845,0.014892002567648888,0.9860550165176392,0,-7.257933139801025,-5.273334980010986,5.125103950500488,1,0.9682009816169739,0.22899900376796722,-0.10073299705982208,0,-0.23797999322414398,0.7188699841499329,-0.6531400084495544,0,-0.07715500146150589,0.6563429832458496,0.7505069971084595,0,0,29.14651870727539,0,1,0.9730110168457031,-0.15189500153064728,0.17372000217437744,0,-0.14805200695991516,0.16653600335121155,0.974856972694397,0,-0.17700600624084473,-0.974265992641449,0.1395529955625534,0,0,18.484560012817383,0,1,0.9273509979248047,-0.00008000000525498763,0.374193012714386,0,-0.3064599931240082,0.5736460089683533,0.7596129775047302,0,-0.21471500396728516,-0.8191030025482178,0.5319470167160034,0,0,12.827351570129395,0,1
