2.533,30,75,41
B0,mixamorig_Hips,-1,0.5847005248069763,-0.00999419391155243,0.811187744140625,0,-0.1197778731584549,0.9879017472267151,0.09850648790597916,0,-0.8023580312728882,-0.15475980937480927,0.5764291286468506,0,0.5107598900794983,45.97348403930664,-1.3168047666549683,1
B1,mixamorig_Spine,0,0.9970393180847168,-0.04625949636101723,-0.06142420694231987,0,0.04982370510697365,0.9970831274986267,0.05782102420926094,0,0.058570314198732376,-0.060710325837135315,0.9964357614517212,0,0,10.525012969970703,-0.7856240272521973,1
B2,mixamorig_Spine1,1,0.998934805393219,0.041761089116334915,-0.019613703712821007,0,-0.04127965867519379,0.9988508820533752,0.024334484711289406,0,0.020607272163033485,-0.023498695343732834,0.9995108842849731,0,0,12.313343048095703,0,1
B3,mixamorig_Spine2,2,0.9996194243431091,0.019061598926782608,-0.01993841864168644,0,-0.018937760964035988,0.9997995495796204,0.006381381303071976,0,0.020056361332535744,-0.0060017844662070274,0.999780535697937,0,0,14.072396278381348,0,1
B4,mixamorig_Neck,3,0.9849011898040771,-0.023812389001250267,-0.17147088050842285,0,0.030879715457558632,0.9987748265266418,0.038667187094688416,0,0.17034019529819489,-0.04337800666689873,0.9844300150871277,0,0,15.83143424987793,0,1
B5,mixamorig_Head,4,0.9130718111991882,-0.12981607019901276,-0.3865848779678345,0,0.09279629588127136,0.9892498254776001,-0.11301665753126144,0,0.39710038900375366,0.06731881201267242,0.9153024554252625,0,0,14.680304527282715,3.0676159858703613,1
B6,mixamorig_HeadTop_End,5,1,0,0,0,0,1,0,0,0,0,1,0,0,52.596832275390625,10.990701675415039,1
B7,mixamorig_LeftShoulder,3,0.15187031030654907,-0.042052943259477615,-0.9875050187110901,0,0.9242793321609497,-0.34794896841049194,0.15696366131305695,0,-0.3502017855644226,-0.9365693926811218,-0.013974800705909729,0,8.183961868286133,13.256951332092285,-0.14518800377845764,1
B8,mixamorig_LeftArm,7,0.9744818806648254,0.2244495451450348,-0.002638236852362752,0,-0.18994195759296417,0.830815315246582,0.5231291055679321,0,0.1196085512638092,-0.5092785954475403,0.8522472381591797,0,0,16.932416915893555,0,1
B9,mixamorig_LeftForeArm,8,-0.008548771031200886,0.8049479126930237,0.5932819247245789,0,-0.9987152218818665,-0.036487217992544174,0.03511322662234306,0,0.04991290718317032,-0.5922198295593262,0.8042283058166504,0,0,22.398244857788086,0,1
B10,mixamorig_LeftHand,9,0.9585816860198975,0.026169802993535995,-0.28360897302627563,0,-0.019130732864141464,0.99943608045578,0.02755988948047161,0,0.28417110443115234,-0.02099289372563362,0.9585438966751099,0,0,33.47169494628906,0,1
B11,mixamorig_LeftHandThumb1,10,0.8672000169754028,0.4926440119743347,-0.0725657045841217,0,-0.3629409968852997,0.7250900268554688,0.5852500200271606,0,0.3409369885921478,-0.4811919927597046,0.8075990080833435,0,-4.7578630447387695,4.466963768005371,-0.000003999999989900971,1
B12,mixamorig_LeftHandThumb2,11,0.9759160280227661,-0.08922729641199112,-0.19906499981880188,0,0.09864699840545654,0.9944009780883789,0.03789399936795235,0,0.19457000494003296,-0.05661800131201744,0.9792529940605164,0,-1.0412830114364624,5.116055011749268,0,1
B13,mixamorig_LeftHandThumb3,12,0.7012133598327637,0.2686309516429901,-0.6604062914848328,0,0.24448104202747345,0.7795346975326538,0.5766754746437073,0,0.669722855091095,-0.5658296346664429,0.48094528913497925,0,0.18398000299930573,6.19973611831665,0,1
B14,mixamorig_LeftHandThumb4,13,1,0,0,0,0,1,0,0,0,0,1,0,0.8573030233383179,4.033854007720947,0,1
B15,mixamorig_LeftHandIndex1,10,0.9133185744285583,0.32442402839660645,0.24616678059101105,0,-0.29618507623672485,0.11429299414157867,0.9482677578926086,0,0.2795058786869049,-0.9389814138412476,0.20047502219676971,0,0,7.075955867767334,0.23825600743293762,1
B16,mixamorig_LeftHandIndex2,15,0.9693180322647095,0.22881346940994263,0.08981668204069138,0,-0.18096740543842316,0.41699814796447754,0.8907089233398438,0,0.1663532704114914,-0.879634439945221,0.44561171531677246,0,0.1452530026435852,8.270981788635254,0,1
B17,mixamorig_LeftHandIndex3,16,0.9732515215873718,0.20579098165035248,0.10213225334882736,0,-0.16997778415679932,0.3459366261959076,0.9227326512336731,0,0.15455836057662964,-0.915411651134491,0.3716634213924408,0,-0.18368400633335114,6.899418830871582,0,1
B18,mixamorig_LeftHandIndex4,17,1,0,0,0,0,1,0,0,0,0,1,0,0.03843099996447563,4.820864200592041,0,1
B19,mixamorig_RightShoulder,3,-0.3581116497516632,0.12066563218832016,0.9258483648300171,0,-0.8922343254089355,-0.3363749086856842,-0.30126824975013733,0,0.2750803232192993,-0.9339613914489746,0.2281205803155899,0,-8.183961868286133,13.263925552368164,-0.23862800002098083,1
B20,mixamorig_RightArm,19,0.9979267716407776,0.010598880238831043,0.06342332810163498,0,-0.0465993769466877,0.7989427447319031,0.5995891094207764,0,-0.04432220384478569,-0.6013005375862122,0.7977837324142456,0,0,16.932416915893555,0,1
B21,mixamorig_RightForeArm,20,0.31788313388824463,-0.9334861636161804,-0.1659599095582962,0,0.946899950504303,0.30367210507392883,0.10563041269779205,0,-0.048202499747276306,-0.19072452187538147,0.980457067489624,0,0,22.42294692993164,0,1
B22,mixamorig_RightHand,21,0.8558213114738464,-0.48193639516830444,0.1879015415906906,0,0.4411628842353821,0.8697056770324707,0.22132134437561035,0,-0.27008068561553955,-0.10651632398366928,0.9569257497787476,0,0,33.44632339477539,0,1
B23,mixamorig_RightHandThumb1,22,0.9483019709587097,-0.17550599575042725,0.26442500948905945,0,-0.10973899811506271,0.6004533171653748,0.7920939922332764,0,-0.297791987657547,-0.78016197681427,0.550150990486145,0,4.979205131530762,3.843290090560913,0,1
B24,mixamorig_RightHandThumb2,23,0.9550703167915344,-0.10466200113296509,0.2772836983203888,0,0.16278600692749023,0.9670640230178833,-0.19567200541496277,0,-0.2476717084646225,0.23201799392700195,0.9406520128250122,0,0.7765089869499207,4.971682071685791,0,1
B25,mixamorig_RightHandThumb3,24,0.9518629908561707,0.09511800110340118,-0.2913936972618103,0,-0.16129499673843384,0.9638069868087769,-0.21227499842643738,0,0.2606559991836548,0.24905699491500854,0.932753324508667,0,0.04032500088214874,6.484291076660156,0,1
B26,mixamorig_RightHandThumb4,25,1,0,0,0,0,1,0,0,0,0,1,0,-0.8168330192565918,4.664699077606201,0,1
B27,mixamorig_RightHandIndex1,22,0.9908397793769836,-0.10369469225406647,-0.08651204407215118,0,0.12561821937561035,0.4725770354270935,0.8722904920578003,0,-0.04956825077533722,-0.8751673102378845,0.4812740385532379,0,0,7.823678016662598,0.08308099955320358,1
B28,mixamorig_RightHandIndex2,27,0.9713179469108582,-0.22145670652389526,-0.08659421652555466,0,0.17106172442436218,0.39782747626304626,0.9013708829879761,0,-0.16516529023647308,-0.8903304934501648,0.42429953813552856,0,-0.05889600142836571,8.570366859436035,0,1
B29,mixamorig_RightHandIndex3,28,0.9845770001411438,-0.16468070447444916,-0.05906029790639877,0,0.13557621836662292,0.5048305988311768,0.8525053262710571,0,-0.11057578772306442,-0.8473647236824036,0.5193715691566467,0,0.09868700057268143,5.791942119598389,0,1
B30,mixamorig_RightHandIndex4,29,1,0,0,0,0,1,0,0,0,0,1,0,-0.03979099914431572,4.182465076446533,0,1
B31,mixamorig_LeftUpLeg,0,-0.6153809428215027,-0.07175995409488678,0.7849569320678711,0,0.7296783328056335,-0.4285065531730652,0.5328713655471802,0,0.29812049865722656,0.9006848335266113,0.3160560131072998,0,13.961853981018066,-5.866764068603516,0.1643040031194687,1
B32,mixamorig_LeftLeg,31,0.948567807674408,-0.19780592620372772,-0.24716879427433014,0,-0.11164575815200806,0.5215684771537781,-0.8458732962608337,0,0.29623353481292725,0.8299634456634521,0.4726587235927582,0,0,24.3056697845459,0,1
B33,mixamorig_LeftFoot,32,0.9481099247932434,-0.24069373309612274,-0.2077363282442093,0,0.30991223454475403,0.5537002086639404,0.7728970646858215,0,-0.07100748270750046,-0.7971718311309814,0.5995627045631409,0,0,17.98106575012207,0,1
B34,mixamorig_LeftToeBase,33,0.8761175870895386,0.022284967824816704,-0.48158156871795654,0,0.342155784368515,0.6749831438064575,0.6537022590637207,0,0.3396274447441101,-0.737496018409729,0.5837401747703552,0,0,14.638616561889648,0,1
B35,mixamorig_LeftToe_End,34,1,0,0,0,0,1,0,0,0,0,1,0,0,5.677577018737793,0,1
B36,mixamorig_RightUpLeg,0,-0.6670817136764526,0.5185790657997131,-0.5348634123802185,0,-0.6555295586585999,-0.7497026920318604,0.09069862216711044,0,-0.3539540469646454,0.4111223816871643,0.8400565385818481,0,-13.961853981018066,-5.866764068603516,0.47316500544548035,1
B37,mixamorig_RightLeg,36,0.9919760823249817,-0.011266281828284264,0.1259232461452484,0,0.10188619792461395,0.6609479188919067,-0.7434825301170349,0,-0.07485241442918777,0.7503466010093689,0.6567926406860352,0,0,24.301692962646484,0,1
B38,mixamorig_RightFoot,37,0.7758612036705017,0.538242757320404,0.3291417062282562,0,-0.42235931754112244,0.05556948855519295,0.9047237038612366,0,0.46867090463638306,-0.840955376625061,0.27044597268104553,0,0,18.005645751953125,0,1
B39,mixamorig_RightToeBase,38,0.9121793508529663,-0.015079131349921227,0.4095146059989929,0,-0.29067355394363403,0.6806002259254456,0.6725266575813293,0,-0.2888573110103607,-0.7324996590614319,0.6164460778236389,0,0,14.53553295135498,0,1
B40,mixamorig_RightToe_End,39,1,0,0,0,0,1,0,0,0,0,1,0,0,5.66837215423584,0,1
@34,0,1,2,3,4,5,7,8,9,10,11,12,13,15,16,17,19,20,21,22,23,24,25,27,28,29,31,32,33,34,36,37,38,39
K0.000,0.5846019983291626,-0.008768999949097633,0.8112729787826538,0,-0.12422800064086914,0.9871829748153687,0.10018900036811829,0,-0.8017529845237732,-0.15935400128364563,0.5760200023651123,0,0.27457600831985474,45.81568145751953,-1.2907240390777588,1,0.9965909719467163,-0.051263999193906784,-0.0646359995007515,0,0.05463799834251404,0.9971749782562256,0.051552001386880875,0,0.061810001730918884,-0.05490799993276596,0.9965760111808777,0,0,10.525012969970703,-0.7856240272521973,1,0.998869001865387,0.042771998792886734,-0.020746000111103058,0,-0.042312998324632645,0.9988610148429871,0.02204499952495098,0,0.02166599966585636,-0.021143000572919846,0.9995419979095459,0,0,12.313343048095703,0,1,0.999576985836029,0.020114999264478683,-0.0209950003772974,0,-0.020034000277519226,0.9997910261154175,0.0040710000321269035,0,0.02107200026512146,-0.0036490000784397125,0.999770998954773,0,0,14.072396278381348,0,1,0.985069990158081,-0.020207999274134636,-0.1709669977426529,0,0.027000999078154564,0.9989320039749146,0.03749699890613556,0,0.1700260043144226,-0.04155300185084343,0.9845629930496216,0,0,15.83143424987793,0,1,0.9123830199241638,-0.11264300346374512,-0.39353299140930176,0,0.07962500303983688,0.9918659925460815,-0.09930200129747391,0,0.40151798725128174,0.05926699936389923,0.9139320254325867,0,0,14.680304527282715,3.0676159858703613,1,0.1505659967660904,-0.041482001543045044,-0.987729012966156,0,0.9222109913825989,-0.3540650010108948,0.1554490029811859,0,-0.3561689853668213,-0.9343000054359436,-0.015056000091135502,0,8.183961868286133,13.256951332092285,-0.14518800377845764,1,0.9743120074272156,0.22519999742507935,-0.001196000026538968,0,-0.1925320029258728,0.8357059955596924,0.5143219828605652,0,0.11682400107383728,-0.5008800029754639,0.8575959801673889,0,0,16.932416915893555,0,1,-0.014007000252604485,0.8024399876594543,0.5965679883956909,0,-0.9984040260314941,-0.04386899992823601,0.03556700050830841,0,0.0547109991312027,-0.5951169729232788,0.8017740249633789,0,0,22.398244857788086,0,1,0.9587600231170654,0.01793299987912178,-0.28365200757980347,0,-0.01130099967122078,0.9996240139007568,0.025002000853419304,0,0.28399398922920227,-0.020764999091625214,0.9586009979248047,0,0,33.47169494628906,0,1,0.8672000169754028,0.4926440119743347,-0.072564996778965,0,-0.3629409968852997,0.7250900268554688,0.5852500200271606,0,0.34093600511550903,-0.4811919927597046,0.8075990080833435,0,-4.7578630447387695,4.466963768005371,-0.000003999999989900971,1,0.9759160280227661,-0.08922699838876724,-0.19906499981880188,0,0.09864699840545654,0.9944009780883789,0.03789399936795235,0,0.19457000494003296,-0.05661800131201744,0.9792529940605164,0,-1.0412830114364624,5.116055011749268,0,1,0.7033960223197937,0.2702609896659851,-0.6574140191078186,0,0.24473699927330017,0.7762579917907715,0.5809710025787354,0,0.6673359870910645,-0.5695459842681885,0.47987401485443115,0,0.18398000299930573,6.19973611831665,0,1,0.9131889939308167,0.32448700070381165,0.24656400084495544,0,-0.29617199301719666,0.11281699687242508,0.9484490156173706,0,0.27994200587272644,-0.9391379952430725,0.19912700355052948,0,0,7.075955867767334,0.23825600743293762,1,0.9682289958000183,0.2315939962863922,0.09432200342416763,0,-0.18166300654411316,0.3922249972820282,0.9017530083656311,0,0.17184500396251678,-0.8902379870414734,0.4218350052833557,0,0.1452530026435852,8.270981788635254,0,1,0.9731469750404358,0.20598000288009644,0.10274600237607956,0,-0.1701280027627945,0.34294700622558594,0.9238200187683105,0,0.15505200624465942,-0.9164929986000061,0.3687810003757477,0,-0.18368400633335114,6.899418830871582,0,1,-0.3592810034751892,0.12396500259637833,0.9249590039253235,0,-0.8898159861564636,-0.34428900480270386,-0.29948800802230835,0,0.2813279926776886,-0.9306439757347107,0.2340019941329956,0,-8.183961868286133,13.263925552368164,-0.23862800002098083,1,0.9972090125083923,0.021971000358462334,0.07135599851608276,0,-0.0592929981648922,0.8138499855995178,0.5780410170555115,0,-0.04537300020456314,-0.5806589722633362,0.8128820061683655,0,0,16.932416915893555,0,1,0.27877700328826904,-0.950098991394043,-0.13998599350452423,0,0.9583830237388611,0.2658950090408325,0.10393200069665909,0,-0.06152400001883507,-0.16313399374485016,0.9846839904785156,0,0,22.42294692993164,0,1,0.8531450033187866,-0.48429200053215027,0.19391900300979614,0,0.451555997133255,0.8716989755630493,0.19036099314689636,0,-0.261229008436203,-0.0748400017619133,0.9623709917068481,0,0,33.44632339477539,0,1,0.9483019709587097,-0.17550599575042725,0.26442500948905945,0,-0.10973899811506271,0.6004539728164673,0.7920939922332764,0,-0.297791987657547,-0.78016197681427,0.5501520037651062,0,4.979205131530762,3.843290090560913,0,1,0.9550700187683105,-0.10466200113296509,0.27728399634361267,0,0.16278600692749023,0.9670640230178833,-0.19567200541496277,0,-0.24767200648784637,0.23201799392700195,0.9406520128250122,0,0.7765089869499207,4.971682071685791,0,1,0.9518629908561707,0.09511800110340118,-0.2913930118083954,0,-0.16129499673843384,0.9638069868087769,-0.21227499842643738,0,0.2606559991836548,0.24905699491500854,0.9327539801597595,0,0.04032500088214874,6.484291076660156,0,1,0.990788996219635,-0.10367699712514877,-0.08711600303649902,0,0.12586399912834167,0.4676800072193146,0.8748909831047058,0,-0.049963001161813736,-0.87779700756073,0.4764209985733032,0,0,7.823678016662598,0.08308099955320358,1,0.9714289903640747,-0.22116899490356445,-0.08608300238847733,0,0.17103999853134155,0.4009590148925781,0.8999879956245422,0,-0.16453400254249573,-0.8889979720115662,0.42733100056648254,0,-0.05889600142836571,8.570366859436035,0,1,0.984578013420105,-0.16467200219631195,-0.059066999703645706,0,0.13554200530052185,0.5045560002326965,0.8526729941368103,0,-0.11060900241136551,-0.8475300073623657,0.5190950036048889,0,0.09868700057268143,5.791942119598389,0,1,-0.615024983882904,-0.074754998087883,0.7849559783935547,0,0.73232102394104,-0.4232049882411957,0.533482015132904,0,0.2923170030117035,0.9029449820518494,0.3150259852409363,0,13.961853981018066,-5.866764068603516,0.1643040031194687,1,0.948399007320404,-0.1997849941253662,-0.24622300267219543,0,-0.11230400204658508,0.5145480036735535,-0.8500750064849854,0,0.2965260148048401,0.8338620066642761,0.4655599892139435,0,0,24.3056697845459,0,1,0.9468330144882202,-0.2454179972410202,-0.20803199708461761,0,0.31238898634910583,0.5466579794883728,0.7769020199775696,0,-0.07694300264120102,-0.8005840182304382,0.5942599773406982,0,0,17.98106575012207,0,1,0.8765239715576172,0.02230899967253208,-0.4808410108089447,0,0.3414889872074127,0.6752030253410339,0.6538249850273132,0,0.33925101161003113,-0.7372949719429016,0.5842130184173584,0,0,14.638616561889648,0,1,-0.6636760234832764,0.5214470028877258,-0.5363100171089172,0,-0.660398006439209,-0.7451710104942322,0.09271299839019775,0,-0.351296991109848,0.415708988904953,0.8389139771461487,0,-13.961853981018066,-5.866764068603516,0.47316500544548035,1,0.992048978805542,-0.00015999999595806003,0.1258540004491806,0,0.09596099704504013,0.6479820013046265,-0.7555869817733765,0,-0.08143000304698944,0.7616559863090515,0.6428449749946594,0,0,24.301692962646484,0,1,0.7803360223770142,0.5299530029296875,0.3320010006427765,0,-0.41547200083732605,0.04254699870944023,0.9086099863052368,0,0.46739599108695984,-0.8469589948654175,0.25338101387023926,0,0,18.005645751953125,0,1,0.9120110273361206,-0.014972999691963196,0.4098919928073883,0,-0.29097801446914673,0.6807010173797607,0.6722930073738098,0,-0.2890799939632416,-0.7324079871177673,0.6164500117301941,0,0,14.53553295135498,0,1
K0.033,0.5835509896278381,-0.00889300275593996,0.8120279908180237,0,-0.1230819895863533,0.9874200224876404,0.0992640033364296,0,-0.8026949763298035,-0.15787199139595032,0.5751150250434875,0,0.28042712807655334,45.83951187133789,-1.2810029983520508,1,0.9965519905090332,-0.05109099671244621,-0.0653809979557991,0,0.05455799773335457,0.9971359968185425,0.052384018898010254,0,0.06251800060272217,-0.05577101930975914,0.9964839816093445,0,0,10.525012969970703,-0.7856240272521973,1,0.9988700151443481,0.04277300089597702,-0.020695997402071953,0,-0.042270999401807785,0.9988150000572205,0.024122023954987526,0,0.021702999249100685,-0.02322002500295639,0.9994950294494629,0,0,12.313343048095703,0,1,0.999576985836029,0.020114999264478683,-0.02099199965596199,0,-0.019990000873804092,0.9997810125350952,0.006147023756057024,0,0.021111000329256058,-0.005725023802369833,0.9997609853744507,0,0,14.072396278381348,0,1,0.9851830005645752,-0.01981699839234352,-0.17035700380802155,0,0.02653699554502964,0.9989529848098755,0.037262991070747375,0,0.16944000124931335,-0.041231993585824966,0.9846779704093933,0,0,15.83143424987793,0,1,0.9126070141792297,-0.1145000085234642,-0.39247798919677734,0,0.08131000399589539,0.9916359782218933,-0.10023099184036255,0,0.40067198872566223,0.05955898389220238,0.9142839908599854,0,0,14.680304527282715,3.0676159858703613,1,0.1512800008058548,-0.04169199988245964,-0.9876109957695007,0,0.9208790063858032,-0.3572160303592682,0.15613800287246704,0,-0.35930103063583374,-0.9330909848213196,-0.015646006911993027,0,8.183961868286133,13.256951332092285,-0.14518800377845764,1,0.974174976348877,0.22579599916934967,-0.0001229933404829353,0,-0.19403201341629028,0.8374099731445312,0.5109759569168091,0,0.1154789850115776,-0.4977559745311737,0.859595000743866,0,0,16.932416915893555,0,1,-0.014507009647786617,0.8033729791641235,0.5952990055084229,0,-0.9983450174331665,-0.044769011437892914,0.036086998879909515,0,0.055642008781433105,-0.5937910079956055,0.8026930093765259,0,0,22.398244857788086,0,1,0.9586910009384155,0.02299804985523224,-0.28352001309394836,0,-0.015974046662449837,0.9995059967041016,0.027060020714998245,0,0.28400200605392456,-0.021414006128907204,0.9585850238800049,0,0,33.47169494628906,0,1,0.8672000169754028,0.4926440119743347,-0.07256600260734558,0,-0.3629409968852997,0.7250909805297852,0.5852500200271606,0,0.34093600511550903,-0.4811919927597046,0.8075990080833435,0,-4.7578630447387695,4.466963768005371,-0.000003999999989900971,1,0.9759160280227661,-0.08922699838876724,-0.19906599819660187,0,0.09864699840545654,0.9944009780883789,0.03789399936795235,0,0.19457000494003296,-0.05661899968981743,0.9792529940605164,0,-1.0412830114364624,5.116055011749268,0,1,0.7036719918251038,0.2704010009765625,-0.657060980796814,0,0.24486400187015533,0.7758169770240784,0.5815060138702393,0,0.6669989824295044,-0.5700799822807312,0.4797089993953705,0,0.18398000299930573,6.19973611831665,0,1,0.9129970073699951,0.32418200373649597,0.24767300486564636,0,-0.29643601179122925,0.11006398499011993,0.9486889839172363,0,0.2802880108356476,-0.9395700097084045,0.1965869814157486,0,0,7.075955867767334,0.23825600743293762,1,0.9682589769363403,0.2315240055322647,0.09418399631977081,0,-0.18168699741363525,0.3931730389595032,0.9013350009918213,0,0.1716500073671341,-0.8898379802703857,0.4227580428123474,0,0.1452530026435852,8.270981788635254,0,1,0.9731519818305969,0.2059829980134964,0.1026960015296936,0,-0.17011800408363342,0.34316501021385193,0.9237409830093384,0,0.15503400564193726,-0.9164109826087952,0.36899301409721375,0,-0.18368400633335114,6.899418830871582,0,1,-0.3589490056037903,0.12503401935100555,0.9249439835548401,0,-0.8892289996147156,-0.3469180166721344,-0.2981930077075958,0,0.2835960388183594,-0.9295240044593811,0.23570901155471802,0,-8.183961868286133,13.263925552368164,-0.23862800002098083,1,0.9973329901695251,0.024195026606321335,0.06885296106338501,0,-0.05958399921655655,0.8147299885749817,0.5767719745635986,0,-0.042141955345869064,-0.5793359875679016,0.8139989972114563,0,0,16.932416915893555,0,1,0.2808230519294739,-0.949836015701294,-0.13765695691108704,0,0.9577940106391907,0.26817506551742554,0.10350599139928818,0,-0.061396997421979904,-0.16091395914554596,0.98505699634552,0,0,22.42294692993164,0,1,0.8499559760093689,-0.4897840619087219,0.194131001830101,0,0.457967072725296,0.8690019845962524,0.1873529851436615,0,-0.26046299934387207,-0.07033596932888031,0.9629179835319519,0,0,33.44632339477539,0,1,0.9483019709587097,-0.17550599575042725,0.26442500948905945,0,-0.1097399964928627,0.6004539728164673,0.7920939922332764,0,-0.297791987657547,-0.78016197681427,0.5501520037651062,0,4.979205131530762,3.843290090560913,0,1,0.9550700187683105,-0.10466200113296509,0.27728399634361267,0,0.16278499364852905,0.9670640230178833,-0.19567200541496277,0,-0.24767200648784637,0.23201799392700195,0.9406520128250122,0,0.7765089869499207,4.971682071685791,0,1,0.9518629908561707,0.09511800110340118,-0.2913930118083954,0,-0.16129499673843384,0.9638069868087769,-0.21227499842643738,0,0.2606559991836548,0.24905699491500854,0.9327539801597595,0,0.04032500088214874,6.484291076660156,0,1,0.9907879829406738,-0.1036830022931099,-0.08711200207471848,0,0.1258690059185028,0.46777603030204773,0.8748390078544617,0,-0.049956995993852615,-0.8777440190315247,0.47651803493499756,0,0,7.823678016662598,0.08308099955320358,1,0.9712820053100586,-0.22155000269412994,-0.08675999939441681,0,0.1710679978132248,0.3968150019645691,0.9018170237541199,0,-0.16537000238895416,-0.8907600045204163,0.423319011926651,0,-0.05889600142836571,8.570366859436035,0,1,0.9845790266990662,-0.16466699540615082,-0.05907300114631653,0,0.1355160027742386,0.5043479800224304,0.8528000116348267,0,-0.11063499748706818,-0.8476539850234985,0.5188860297203064,0,0.09868700057268143,5.791942119598389,0,1,-0.6139510273933411,-0.07643500715494156,0.7856349945068359,0,0.7328140139579773,-0.42506998777389526,0.5313180088996887,0,0.2933390140533447,0.9019269943237305,0.31698501110076904,0,13.961853981018066,-5.866764068603516,0.1643040031194687,1,0.9483789801597595,-0.20001399517059326,-0.24611300230026245,0,-0.11192800104618073,0.5150060057640076,-0.8498479723930359,0,0.29673099517822266,0.8335250020027161,0.4660339951515198,0,0,24.3056697845459,0,1,0.9468799829483032,-0.24526000022888184,-0.20800499618053436,0,0.3122209906578064,0.5461369752883911,0.7773360013961792,0,-0.07705000042915344,-0.8009880185127258,0.5937020182609558,0,0,17.98106575012207,0,1,0.8765239715576172,0.02230899967253208,-0.4808410108089447,0,0.3414880037307739,0.6752020120620728,0.6538249850273132,0,0.33925101161003113,-0.7372949719429016,0.5842130184173584,0,0,14.638616561889648,0,1,-0.6636009812355042,0.5218200087547302,-0.5360389947891235,0,-0.6602789759635925,-0.7453910112380981,0.09178798645734787,0,-0.35166099667549133,0.4148459732532501,0.8391889929771423,0,-13.961853981018066,-5.866764068603516,0.47316500544548035,1,0.9919340014457703,0.00044499168870970607,0.1267549991607666,0,0.09604699909687042,0.6499189734458923,-0.7539100050926208,0,-0.08271599560976028,0.7600029706954956,0.6446340084075928,0,0,24.301692962646484,0,1,0.7807559967041016,0.5297179818153381,0.33138900995254517,0,-0.4157260060310364,0.044451020658016205,0.9084029793739319,0,0.4664669930934906,-0.8470079898834229,0.254923015832901,0,0,18.005645751953125,0,1,0.9117929935455322,-0.015080996789038181,0.4103719890117645,0,-0.29128599166870117,0.6806480288505554,0.6722139716148376,0,-0.28945600986480713,-0.7324560284614563,0.6162170171737671,0,0,14.53553295135498,0,1
K0.067,0.5834789872169495,-0.009198997169733047,0.8120759725570679,0,-0.12207100540399551,0.9875820279121399,0.09889599680900574,0,-0.802901029586792,-0.15683501958847046,0.5751109719276428,0,0.2935228943824768,45.86323928833008,-1.275061011314392,1,0.9965810179710388,-0.05073300376534462,-0.06521400064229965,0,0.05430200323462486,0.9970549941062927,0.05416298285126686,0,0.06227400526404381,-0.05751898139715195,0.996399998664856,0,0,10.525012969970703,-0.7856240272521973,1,0.9988729953765869,0.04277599975466728,-0.020588001236319542,0,-0.04222499951720238,0.998757004737854,0.026498975232243538,0,0.021695999428629875,-0.025598974898457527,0.9994369745254517,0,0,12.313343048095703,0,1,0.999576985836029,0.020114000886678696,-0.02098800055682659,0,-0.019938999786973,0.9997649788856506,0.008526977151632309,0,0.02115499973297119,-0.008103976957499981,0.9997429847717285,0,0,14.072396278381348,0,1,0.9851269721984863,-0.019640002399683,-0.1707029938697815,0,0.026241004467010498,0.9989889860153198,0.036499008536338806,0,0.16981300711631775,-0.04043600708246231,0.9846460223197937,0,0,15.83143424987793,0,1,0.9120579957962036,-0.11504699289798737,-0.3935909867286682,0,0.08227299153804779,0.9916589856147766,-0.09921300411224365,0,0.4017229974269867,0.05810701474547386,0.9139159917831421,0,0,14.680304527282715,3.0676159858703613,1,0.15202300250530243,-0.041822999715805054,-0.987492024898529,0,0.9195399880409241,-0.3603519797325134,0.15682299435138702,0,-0.3624029755592346,-0.9318779706954956,-0.016323992982506752,0,8.183961868286133,13.256951332092285,-0.14518800377845764,1,0.9741629958152771,0.22584499418735504,0.000542993366252631,0,-0.19484898447990417,0.8392469882965088,0.507641077041626,0,0.11419201642274857,-0.4946310222148895,0.8615689873695374,0,0,16.932416915893555,0,1,-0.015418990515172482,0.8042849898338318,0.594044029712677,0,-0.9982969760894775,-0.04581698775291443,0.03612000122666359,0,0.05626799166202545,-0.5924749970436096,0.8036209940910339,0,0,22.398244857788086,0,1,0.9586009979248047,0.02804495021700859,-0.2833690047264099,0,-0.020632954314351082,0.9993630051612854,0.029110979288816452,0,0.28400498628616333,-0.022058993577957153,0.9585689902305603,0,0,33.47169494628906,0,1,0.8672000169754028,0.4926440119743347,-0.072564996778965,0,-0.3629409968852997,0.7250900268554688,0.5852500200271606,0,0.3409369885921478,-0.4811919927597046,0.8075990080833435,0,-4.7578630447387695,4.466963768005371,-0.000003999999989900971,1,0.9759160280227661,-0.08922799676656723,-0.19906599819660187,0,0.09864699840545654,0.9944009780883789,0.03789399936795235,0,0.19457000494003296,-0.05661899968981743,0.9792529940605164,0,-1.0412830114364624,5.116055011749268,0,1,0.7036340236663818,0.27035900950431824,-0.6571189761161804,0,0.24487000703811646,0.7758769989013672,0.5814229846000671,0,0.6670370101928711,-0.5700179934501648,0.4797309935092926,0,0.18398000299930573,6.19973611831665,0,1,0.9128710031509399,0.32402199506759644,0.24834799766540527,0,-0.29660099744796753,0.10838101804256439,0.9488319754600525,0,0.2805260121822357,-0.9398210048675537,0.19504301249980927,0,0,7.075955867767334,0.23825600743293762,1,0.9683489799499512,0.23129799962043762,0.093811996281147,0,-0.18163199722766876,0.3951989710330963,0.9004600048065186,0,0.1712000072002411,-0.8889989852905273,0.4247019588947296,0,0.1452530026435852,8.270981788635254,0,1,0.9731810092926025,0.2060050070285797,0.10237500071525574,0,-0.1700579971075058,0.3445590138435364,0.9232329726219177,0,0.15491600334644318,-0.9158830046653748,0.37035098671913147,0,-0.18368400633335114,6.899418830871582,0,1,-0.35862401127815247,0.12610799074172974,0.9249250292778015,0,-0.8886319994926453,-0.3495539724826813,-0.296891987323761,0,0.2858709692955017,-0.9283900260925293,0.23742298781871796,0,-8.183961868286133,13.263925552368164,-0.23862800002098083,1,0.997501015663147,0.026717975735664368,0.0654030367732048,0,-0.05965600162744522,0.8144770264625549,0.5771210193634033,0,-0.037850040942430496,-0.5795810222625732,0.8140349984169006,0,0,16.932416915893555,0,1,0.2860749363899231,-0.9488549828529358,-0.13355104625225067,0,0.9562699794769287,0.2738519310951233,0.10272900760173798,0,-0.060902003198862076,-0.15709903836250305,0.9857029914855957,0,0,22.42294692993164,0,1,0.8470180034637451,-0.494937926530838,0.193900004029274,0,0.4636899530887604,0.8663089871406555,0.18574301898479462,0,-0.2599090039730072,-0.06741803139448166,0.9632769823074341,0,0,33.44632339477539,0,1,0.9483019709587097,-0.17550599575042725,0.26442500948905945,0,-0.1097399964928627,0.6004539728164673,0.7920939922332764,0,-0.297791987657547,-0.78016197681427,0.5501520037651062,0,4.979205131530762,3.843290090560913,0,1,0.955070972442627,-0.10466200113296509,0.2772830128669739,0,0.16278600692749023,0.9670640230178833,-0.19567200541496277,0,-0.2476709932088852,0.23201799392700195,0.9406520128250122,0,0.7765089869499207,4.971682071685791,0,1,0.9518629908561707,0.09511800110340118,-0.2913930118083954,0,-0.16129499673843384,0.9638069868087769,-0.21227499842643738,0,0.2606559991836548,0.24905699491500854,0.9327539801597595,0,0.04032500088214874,6.484291076660156,0,1,0.9907630085945129,-0.10380599647760391,-0.08725400269031525,0,0.12615500390529633,0.46955597400665283,0.8738430142402649,0,-0.04973900318145752,-0.8767790198326111,0.47831398248672485,0,0,7.823678016662598,0.08308099955320358,1,0.9712560176849365,-0.2216159999370575,-0.08687800168991089,0,0.17107300460338593,0.3960930109024048,0.9021329879760742,0,-0.16551600396633148,-0.8910650014877319,0.4226199984550476,0,-0.05889600142836571,8.570366859436035,0,1,0.9845790266990662,-0.16466599702835083,-0.05907300114631653,0,0.13551199436187744,0.5043140053749084,0.8528209924697876,0,-0.11063899844884872,-0.8476750254631042,0.5188509821891785,0,0.09868700057268143,5.791942119598389,0,1,-0.6136919856071472,-0.07697999477386475,0.7857840061187744,0,0.7327669858932495,-0.42612001299858093,0.5305410027503967,0,0.29399698972702026,0.901386022567749,0.3179149925708771,0,13.961853981018066,-5.866764068603516,0.1643040031194687,1,0.948261022567749,-0.2001589983701706,-0.24645200371742249,0,-0.11187099665403366,0.5158129930496216,-0.8493660092353821,0,0.2971310019493103,0.8329910039901733,0.46673300862312317,0,0,24.3056697845459,0,1,0.9470149874687195,-0.24491000175476074,-0.20780399441719055,0,0.31187599897384644,0.5464839935302734,0.7772319912910461,0,-0.07678999751806259,-0.8008589744567871,0.5939099788665771,0,0,17.98106575012207,0,1,0.8765239715576172,0.02230899967253208,-0.4808410108089447,0,0.3414880037307739,0.6752039790153503,0.653823971748352,0,0.3392519950866699,-0.7372940182685852,0.5842139720916748,0,0,14.638616561889648,0,1,-0.6638150215148926,0.5219219923019409,-0.5356749892234802,0,-0.6595820188522339,-0.7461839914321899,0.09033701568841934,0,-0.3525629937648773,0.41328904032707214,0.8395779728889465,0,-13.961853981018066,-5.866764068603516,0.47316500544548035,1,0.9919800162315369,-0.00038699174183420837,0.1263969987630844,0,0.09605500102043152,0.6522979736328125,-0.7518519759178162,0,-0.08215800672769547,0.7579630017280579,0.6471030116081238,0,0,24.301692962646484,0,1,0.7804610133171082,0.5304780006408691,0.3308680057525635,0,-0.41652700304985046,0.04651897773146629,0.9079319834709167,0,0.46624600887298584,-0.8464210033416748,0.25726497173309326,0,0,18.005645751953125,0,1,0.911657989025116,-0.01480100303888321,0.4106830060482025,0,-0.29158300161361694,0.6809160113334656,0.6718130111694336,0,-0.2895840108394623,-0.7322120070457458,0.6164469718933105,0,0,14.53553295135498,0,1
K0.100,0.5817890167236328,-0.009496999904513359,0.8132849931716919,0,-0.12081900238990784,0.9878290295600891,0.09796400368213654,0,-0.804315984249115,-0.15525400638580322,0.5735599994659424,0,0.29840898513793945,45.89680480957031,-1.264359951019287,1,0.9965440034866333,-0.051010001450777054,-0.06556399911642075,0,0.054627999663352966,0.9970110058784485,0.05463000014424324,0,0.06258100271224976,-0.05802299827337265,0.9963520169258118,0,0,10.525012969970703,-0.7856240272521973,1,0.9988729953765869,0.04282600060105324,-0.020475000143051147,0,-0.0422229990363121,0.9986850023269653,0.02906700037419796,0,0.021693000569939613,-0.02817000076174736,0.9993680119514465,0,0,12.313343048095703,0,1,0.999576985836029,0.020155999809503555,-0.02098499983549118,0,-0.019926000386476517,0.9997400045394897,0.011094000190496445,0,0.021203000098466873,-0.010670999996364117,0.9997180104255676,0,0,14.072396278381348,0,1,0.9850749969482422,-0.01947600021958351,-0.17101700603961945,0,0.02599100023508072,0.9990159869194031,0.03594300150871277,0,0.17014899849891663,-0.03985200077295303,0.984611988067627,0,0,15.83143424987793,0,1,0.9115239977836609,-0.11558300256729126,-0.3946689963340759,0,0.08347900211811066,0.9917150139808655,-0.09763400256633759,0,0.4026840031147003,0.05604900047183037,0.9136210083961487,0,0,14.680304527282715,3.0676159858703613,1,0.15276999771595,-0.04196000099182129,-0.987371027469635,0,0.9181820154190063,-0.3634989857673645,0.15751299262046814,0,-0.3655169904232025,-0.9306489825248718,-0.01700500026345253,0,8.183961868286133,13.256951332092285,-0.14518800377845764,1,0.974399983882904,0.22481900453567505,0.000311999989207834,0,-0.1942709982395172,0.8412989974021912,0.5044540166854858,0,0.11314799636602402,-0.49160099029541016,0.8634380102157593,0,0,16.932416915893555,0,1,-0.01610499992966652,0.8052039742469788,0.5927789807319641,0,-0.9982609748840332,-0.04657600075006485,0.03614500164985657,0,0.05671299993991852,-0.5911660194396973,0.8045539855957031,0,0,22.398244857788086,0,1,0.9584890007972717,0.03311999887228012,-0.2832010090351105,0,-0.025317000225186348,0.999193012714386,0.03116999939084053,0,0.28400498628616333,-0.02270600013434887,0.9585540294647217,0,0,33.47169494628906,0,1,0.8672000169754028,0.4926440119743347,-0.072564996778965,0,-0.3629409968852997,0.7250900268554688,0.5852500200271606,0,0.34093600511550903,-0.4811919927597046,0.8075990080833435,0,-4.7578630447387695,4.466963768005371,-0.000003999999989900971,1,0.9759160280227661,-0.08922699838876724,-0.19906499981880188,0,0.09864699840545654,0.9944009780883789,0.03789399936795235,0,0.19457000494003296,-0.05661800131201744,0.9792529940605164,0,-1.0412830114364624,5.116055011749268,0,1,0.7030050158500671,0.2698580026626587,-0.6579970121383667,0,0.2447659969329834,0.7768830060958862,0.5801230072975159,0,0.6677380204200745,-0.5688850283622742,0.48010098934173584,0,0.18398000299930573,6.19973611831665,0,1,0.912880003452301,0.3240649998188019,0.24825799465179443,0,-0.29658201336860657,0.10860300064086914,0.9488120079040527,0,0.28051599860191345,-0.9397799968719482,0.19525299966335297,0,0,7.075955867767334,0.23825600743293762,1,0.9683970212936401,0.23117700219154358,0.09361500293016434,0,-0.1816049963235855,0.39629098773002625,0.8999850153923035,0,0.17095699906349182,-0.8885440230369568,0.4257490038871765,0,0.1452530026435852,8.270981788635254,0,1,0.9731829762458801,0.20602700114250183,0.10231400281190872,0,-0.17010200023651123,0.34511101245880127,0.9230189919471741,0,0.15485699474811554,-0.9156699776649475,0.37090200185775757,0,-0.18368400633335114,6.899418830871582,0,1,-0.3583019971847534,0.12720300257205963,0.9248989820480347,0,-0.8880149722099304,-0.3522309958934784,-0.2955709993839264,0,0.28818100690841675,-0.9272279739379883,0.23916399478912354,0,-8.183961868286133,13.263925552368164,-0.23862800002098083,1,0.997776985168457,0.02533400058746338,0.06164000183343887,0,-0.05643799901008606,0.813090980052948,0.5793939828872681,0,-0.03544100001454353,-0.5815849900245667,0.8127130270004272,0,0,16.932416915893555,0,1,0.2939029932022095,-0.947288990020752,-0.12752899527549744,0,0.9539290070533752,0.28227299451828003,0.10169199854135513,0,-0.060332998633384705,-0.15154099464416504,0.9866080284118652,0,0,22.42294692993164,0,1,0.8437659740447998,-0.5007179975509644,0.1932380050420761,0,0.46986299753189087,0.8631470203399658,0.18494899570941925,0,-0.25940099358558655,-0.06525900214910507,0.96356201171875,0,0,33.44632339477539,0,1,0.9483019709587097,-0.17550599575042725,0.26442500948905945,0,-0.1097399964928627,0.6004539728164673,0.7920939922332764,0,-0.2977930009365082,-0.78016197681427,0.5501520037651062,0,4.979205131530762,3.843290090560913,0,1,0.9550700187683105,-0.10466200113296509,0.27728399634361267,0,0.16278499364852905,0.9670640230178833,-0.19567200541496277,0,-0.24767200648784637,0.23201799392700195,0.9406520128250122,0,0.7765089869499207,4.971682071685791,0,1,0.9518629908561707,0.09511800110340118,-0.2913939952850342,0,-0.16129499673843384,0.9638069868087769,-0.21227499842643738,0,0.2606559991836548,0.24905699491500854,0.9327530264854431,0,0.04032500088214874,6.484291076660156,0,1,0.9907400012016296,-0.10389800369739532,-0.08739899843931198,0,0.12640200555324554,0.47089698910713196,0.8730850219726562,0,-0.04955599829554558,-0.8760480284690857,0.479669988155365,0,0,7.823678016662598,0.08308099955320358,1,0.9713810086250305,-0.22129400074481964,-0.08630499988794327,0,0.17104999721050262,0.3996019959449768,0.9005889892578125,0,-0.1648080050945282,-0.8895769715309143,0.42601698637008667,0,-0.05889600142836571,8.570366859436035,0,1,0.984578013420105,-0.16467200219631195,-0.05906800180673599,0,0.1355389952659607,0.5045350193977356,0.8526859879493713,0,-0.11061199754476547,-0.8475419878959656,0.519074022769928,0,0.09868700057268143,5.791942119598389,0,1,-0.6123759746551514,-0.07943200320005417,0.7865660190582275,0,0.7334309816360474,-0.42844799160957336,0.527741014957428,0,0.2950829863548279,0.9000679850578308,0.3206290006637573,0,13.961853981018066,-5.866764068603516,0.1643040031194687,1,0.9485080242156982,-0.19953399896621704,-0.24600699543952942,0,-0.111565001308918,0.5164380073547363,-0.8490260243415833,0,0.2964569926261902,0.8327540159225464,0.4675840139389038,0,0,24.3056697845459,0,1,0.9469010233879089,-0.24525199830532074,-0.20791900157928467,0,0.31208398938179016,0.5455039739608765,0.7778360247612,0,-0.07734499871730804,-0.8014219999313354,0.5930770039558411,0,0,17.98106575012207,0,1,0.8765239715576172,0.022307999432086945,-0.4808410108089447,0,0.3414889872074127,0.6752020120620728,0.6538249850273132,0,0.33925101161003113,-0.7372949719429016,0.5842130184173584,0,0,14.638616561889648,0,1,-0.6637600064277649,0.5220019817352295,-0.535664975643158,0,-0.6594300270080566,-0.7463859915733337,0.0897739976644516,0,-0.3529509902000427,0.41282200813293457,0.8396450281143188,0,-13.961853981018066,-5.866764068603516,0.47316500544548035,1,0.991877019405365,0.00022499996703118086,0.1271979957818985,0,0.09599699825048447,0.6547380089759827,-0.7497349977493286,0,-0.08344999700784683,0.7558559775352478,0.6493980288505554,0,0,24.301692962646484,0,1,0.7810860276222229,0.5301250219345093,0.3299559950828552,0,-0.41702398657798767,0.049577001482248306,0.9075419902801514,0,0.46475300192832947,-0.846468985080719,0.2597990036010742,0,0,18.005645751953125,0,1,0.9113879799842834,-0.014766000211238861,0.4112829864025116,0,-0.2920129895210266,0.6810010075569153,0.6715400218963623,0,-0.28999999165534973,-0.7321329712867737,0.6163449883460999,0,0,14.53553295135498,0,1
